,Date,Open,Close,High,Low,Sentiments
0,2012-05-18,42.05,38.2318,45.0,38.0,0.1975
1,2012-05-21,36.53,34.03,36.66,33.0,0.09041666666666667
2,2012-05-22,32.61,31.0,33.59,30.94,-0.07449494949494949
3,2012-05-23,31.37,32.0,32.5,31.36,0.27777777777777785
4,2012-05-24,32.95,33.03,33.21,31.77,0.25000000000000006
5,2012-05-25,32.9,31.91,32.95,31.11,0.09526515151515151
6,2012-05-29,31.48,28.84,31.69,28.65,0.4736111111111111
7,2012-05-30,28.695,28.19,29.55,27.86,-0.09722222222222222
8,2012-05-31,28.545,29.6,29.67,26.83,0.3249158249158249
9,2012-06-01,28.892,27.72,29.15,27.39,0.06527777777777778
10,2012-06-04,27.2,26.9,27.65,26.44,0.037500000000000006
11,2012-06-05,26.7,25.869,27.76,25.75,0.031060606060606056
12,2012-06-06,26.07,26.81,27.17,25.52,0.2588383838383838
13,2012-06-07,27.0,26.31,27.35,26.15,0.22604166666666667
14,2012-06-08,26.55,27.1,27.76,26.44,-0.12499999999999999
15,2012-06-11,27.18,27.005,28.07,26.835,0.24151785714285715
16,2012-06-12,27.48,27.4,27.77,26.96,-0.06555555555555558
17,2012-06-13,27.66,27.27,28.1,27.1,-0.15625
18,2012-06-14,27.65,28.29,28.32,27.38,-0.11666666666666667
19,2012-06-15,28.505,30.014,30.1,28.35,-0.43888888888888894
20,2012-06-18,29.955,31.41,32.08,29.41,0.08249999999999999
21,2012-06-19,31.535,31.910999999999998,32.18,30.7,0.013352272727272723
22,2012-06-20,31.92,31.6,31.9288,31.15,0.19444444444444445
23,2012-06-21,31.67,31.84,32.5,31.51,0.048599837662337664
24,2012-06-22,32.41,33.05,33.45,32.06,-0.20000000000000004
25,2012-06-25,32.86,32.06,33.02,31.55,0.22129629629629632
26,2012-06-26,32.69,33.1,33.44,32.5,0.14322916666666666
27,2012-06-27,32.46,32.23,32.9,31.9,0.3194444444444444
28,2012-06-28,31.96,31.36,32.19,30.9,-0.1171875
29,2012-06-29,31.92,31.095,31.99,30.76,0.23333333333333334
30,2012-07-02,31.25,30.771,31.73,30.55,0.2255952380952381
31,2012-07-03,30.91,31.2,31.44,30.8,0.33999999999999997
32,2012-07-05,31.32,31.47,31.625,31.02,0.2397784090909091
33,2012-07-06,31.44,31.73,31.9,31.26,0.25
34,2012-07-09,32.1,32.17,32.88,31.99,0.13228114478114478
35,2012-07-10,32.43,31.47,32.48,31.1599,0.30833333333333335
36,2012-07-11,31.48,30.97,31.56,30.55,0.11136363636363637
37,2012-07-12,30.7,30.81,31.4,30.6,0.19909683570397854
38,2012-07-13,31.04,30.72,31.07,30.56,0.19543650793650794
39,2012-07-16,30.5,28.245,30.5,28.21,-0.03482142857142856
40,2012-07-17,28.48,28.09,28.59,27.15,-0.30625
41,2012-07-18,28.31,29.11,29.29,28.15,0.25416666666666665
42,2012-07-19,29.41,29.0,29.5,28.63,0.367965367965368
43,2012-07-20,29.0,28.76,29.47,28.72,0.42500000000000004
44,2012-07-23,28.12,28.75,29.0,28.01,0.23974116161616163
45,2012-07-24,28.82,28.45,29.45,28.1,0.3145089285714286
46,2012-07-25,28.39,29.34,29.49,28.08,0.07166666666666668
47,2012-07-26,27.75,26.845,28.23,26.73,-0.09791666666666665
48,2012-07-27,23.19,23.705,24.54,22.28,0.06840277777777778
49,2012-07-30,23.995,23.15,24.04,23.03,0.23535353535353534
50,2012-07-31,23.37,21.71,23.37,21.61,-0.10317460317460318
51,2012-08-01,21.5,20.88,21.58,20.84,0.12986111111111112
52,2012-08-02,20.77,20.04,20.84,19.82,0.10925925925925926
53,2012-08-03,20.36,21.09,22.16,19.9,-0.06833333333333332
54,2012-08-06,21.39,21.92,22.15,21.3,0.06905122655122656
55,2012-08-07,22.2,20.72,22.45,20.5,0.674074074074074
56,2012-08-08,20.71,20.72,21.15,20.22,0.2537878787878788
57,2012-08-09,20.75,21.01,21.17,20.61,-0.3
58,2012-08-10,21.41,21.807,21.82,21.13,0.19952380952380955
59,2012-08-13,22.15,21.6,22.45,21.4,0.3111111111111111
60,2012-08-14,21.41,20.38,21.6,20.25,-0.16499999999999995
61,2012-08-15,20.64,21.2,21.41,20.4,0.17291666666666666
62,2012-08-16,20.44,19.87,20.48,19.69,0.10457792207792208
63,2012-08-17,20.005,19.05,20.08,19.0,0.3
64,2012-08-20,19.05,20.011,20.13,18.75,0.2472222222222222
65,2012-08-21,19.58,19.159000000000002,19.98,19.09,-0.025454545454545452
66,2012-08-22,19.36,19.439,19.53,18.96,0.19426136363636362
67,2012-08-23,19.5,19.44,19.73,19.36,-0.015909090909090914
68,2012-08-24,19.52,19.409000000000002,19.68,19.25,0.30655303030303027
69,2012-08-27,19.49,19.15,19.53,19.1,0.15662878787878787
70,2012-08-28,19.1,19.34,19.38,18.95,0.16704545454545455
71,2012-08-29,19.32,19.1,19.38,19.07,0.05780303030303029
72,2012-08-30,19.27,19.0885,19.45,19.06,-0.2272727272727273
73,2012-08-31,18.68,18.058,18.7,18.03,0.21196969696969697
74,2012-09-04,18.08,17.729,18.27,17.55,0.3170454545454545
75,2012-09-05,18.27,18.58,18.75,18.18,0.25037878787878787
76,2012-09-06,18.74,18.96,19.2617,18.72,0.24829545454545454
77,2012-09-07,19.1,18.98,19.42,18.78,0.3368055555555556
78,2012-09-10,19.06,18.81,19.2,18.55,0.18939393939393936
79,2012-09-11,18.92,19.43,19.581,18.85,0.12272727272727273
80,2012-09-12,20.76,20.930999999999997,21.16,20.28,0.21645622895622896
81,2012-09-13,20.955,20.713,21.48,20.61,-0.0051948051948051965
82,2012-09-14,21.13,22.0,22.08,20.9,-0.04128787878787878
83,2012-09-17,22.67,21.52,22.75,21.5,-0.19678030303030306
84,2012-09-18,21.6,21.87,21.98,21.37,0.10606060606060606
85,2012-09-19,21.99,23.29,23.37,21.77,0.04494949494949494
86,2012-09-20,23.02,22.59,23.24,22.54,0.10716089466089466
87,2012-09-21,22.97,22.86,23.24,22.6,0.10863095238095238
88,2012-09-24,21.78,20.79,21.98,20.3625,-0.13636363636363635
89,2012-09-25,21.2,20.28,21.21,20.22,0.006060606060606062
90,2012-09-26,20.145,20.62,20.78,19.8,-0.03464646464646466
91,2012-09-27,20.99,20.32,21.0,20.16,0.07925384800384801
92,2012-09-28,20.57,21.66,21.95,20.5,0.07954545454545454
93,2012-10-01,22.08,21.99,22.59,21.73,-0.038289141414141414
94,2012-10-02,22.08,22.27,22.49,21.82,0.3953030303030303
95,2012-10-03,22.295,21.83,22.49,21.8,-0.062121212121212126
96,2012-10-04,22.32,21.9475,22.4,21.41,0.13636363636363638
97,2012-10-05,21.49,20.91,21.63,20.88,0.05909090909090908
98,2012-10-08,20.4,20.4,20.75,20.155,-0.034374999999999996
99,2012-10-09,20.39,20.227,20.55,19.97,0.18818181818181817
100,2012-10-10,19.93,19.64,19.94,19.45,0.15606060606060604
101,2012-10-11,19.88,19.75,19.96,19.61,0.25090909090909086
102,2012-10-12,19.75,19.5181,19.8,19.48,0.18276386312100595
103,2012-10-15,19.68,19.52,19.88,19.49,0.2935606060606061
104,2012-10-16,19.68,19.48,19.69,19.3,-0.08928571428571426
105,2012-10-17,19.5,19.88,20.48,19.3718,-0.0072416877104377235
106,2012-10-18,19.7,18.975,19.79,18.89,0.0
107,2012-10-19,19.0,19.0,19.06,18.8,0.16924242424242422
108,2012-10-22,19.25,19.320999999999998,19.43,19.05,0.13357233044733047
109,2012-10-23,19.25,19.5,19.8,19.1,0.04375
110,2012-10-24,24.13,23.2299,24.25,22.85,0.061136363636363635
111,2012-10-25,23.29,22.56,23.31,22.47,0.10393939393939393
112,2012-10-26,22.4,21.9425,22.88,21.88,0.16925505050505052
113,2012-10-31,20.82,21.11,21.5,20.73,0.3940277777777778
114,2012-11-01,21.08,21.21,21.44,21.01,-0.18750000000000003
115,2012-11-02,21.26,21.18,21.69,21.07,0.189453125
116,2012-11-05,21.1,21.25,21.48,20.92,0.016666666666666666
117,2012-11-06,21.24,21.1712,21.37,20.99,-0.03977272727272728
118,2012-11-07,20.85,20.47,20.95,20.37,-0.029166666666666664
119,2012-11-08,20.52,19.99,20.73,19.98,0.0
120,2012-11-09,19.955,19.21,20.0,19.13,0.12929292929292927
121,2012-11-12,19.15,20.07,20.17,18.87,0.3159722222222222
122,2012-11-13,19.605,19.86,20.11,19.56,0.1722222222222222
123,2012-11-14,20.1,22.36,22.5,19.93,0.05305555555555556
124,2012-11-15,22.34,22.17,22.5,21.65,0.3958333333333333
125,2012-11-16,22.25,23.5607,23.93,22.18,0.04444444444444443
126,2012-11-19,23.955,22.92,24.12,22.82,0.22113095238095237
127,2012-11-20,22.73,23.1,23.9,22.7,0.3060258194186765
128,2012-11-21,23.22,24.32,24.53,23.05,0.30833333333333335
129,2012-11-23,24.58,23.998,24.68,23.88,0.0
130,2012-11-26,24.935,25.94,26.09,24.81,0.24810606060606058
131,2012-11-27,26.04,26.15,26.5,25.46,0.21770833333333334
132,2012-11-28,25.94,26.36,26.49,25.75,0.4568160076530612
133,2012-11-29,26.5,27.32,27.52,26.16,-0.07575757575757577
134,2012-11-30,27.26,28.0,28.0,26.76,0.2833333333333333
135,2012-12-03,27.9999,27.04,28.88,26.98,-0.05000000000000001
136,2012-12-04,27.06,27.46,27.76,26.68,0.10833333333333335
137,2012-12-05,27.75,27.71,27.9,27.26,0.12329545454545454
138,2012-12-06,27.68,26.97,27.75,26.82,0.25
139,2012-12-07,27.07,27.485,27.78,26.84,0.1638888888888889
140,2012-12-10,27.17,27.84,28.17,27.1,0.11969696969696969
141,2012-12-11,28.07,27.98,28.24,27.66,-0.03980078563411898
142,2012-12-12,28.0,27.5801,28.14,27.37,0.3348524305555555
143,2012-12-13,27.59,28.24,28.75,27.43,0.245959595959596
144,2012-12-14,28.18,26.811999999999998,28.33,26.76,-0.07848484848484849
145,2012-12-17,26.77,26.75,27.0,26.32,0.3869155844155844
146,2012-12-18,26.96,27.71,27.91,26.9,0.075
147,2012-12-19,27.83,27.41,28.22,26.95,0.05598958333333333
148,2012-12-20,27.49,27.36,27.6,27.13,0.2533333333333333
149,2012-12-21,26.66,26.26,27.01,26.12,-0.005555555555555573
150,2012-12-24,26.5,26.93,26.96,26.2,0.1968915343915344
151,2012-12-26,27.03,26.51,27.18,26.375,0.1515190972222222
152,2012-12-27,26.55,26.05,26.8,25.52,-0.10555555555555556
153,2012-12-28,25.48,25.9112,26.11,25.15,0.2515151515151515
154,2012-12-31,26.2,26.6197,26.99,26.11,0.25875
155,2013-01-02,27.44,28.0,28.18,27.42,0.58603515625
156,2013-01-03,27.88,27.77,28.47,27.59,-0.06851851851851853
157,2013-01-04,28.01,28.76,28.93,27.83,0.1666193181818182
158,2013-01-07,28.69,29.4213,29.79,28.65,-0.1558380681818182
159,2013-01-08,29.51,29.0607,29.6,28.86,0.12976866883116883
160,2013-01-09,29.67,30.59,30.6,29.49,0.3813802083333333
161,2013-01-10,30.6,31.3,31.45,30.28,-0.17152777777777778
162,2013-01-11,31.28,31.72,31.96,31.1,0.09117063492063492
163,2013-01-14,32.08,30.9475,32.21,30.62,0.23750000000000002
164,2013-01-15,30.64,30.1,31.71,29.88,0.30625
165,2013-01-16,30.21,29.85,30.35,29.53,0.5208333333333334
166,2013-01-17,30.08,30.14,30.42,30.03,0.3111111111111111
167,2013-01-18,30.31,29.66,30.44,29.27,-0.6999999999999998
168,2013-01-22,29.75,30.729,30.89,29.74,0.12039141414141413
169,2013-01-23,31.1,30.82,31.5,30.8,0.2020833333333333
170,2013-01-24,31.27,31.08,31.49,30.81,-0.007575757575757583
171,2013-01-25,31.41,31.54,31.93,31.13,0.40858585858585855
172,2013-01-28,31.88,32.469,32.5063,31.81,0.2
173,2013-01-29,32.0,30.79,32.07,30.71,0.27694444444444444
174,2013-01-30,30.98,31.24,31.49,30.88,0.25877919823232326
175,2013-01-31,29.15,30.980999999999998,31.47,28.74,0.13770912247474748
176,2013-02-01,31.01,29.73,31.02,29.63,-0.04114583333333334
177,2013-02-04,29.06,28.109,29.2,28.01,-0.1375
178,2013-02-05,28.26,28.64,28.96,28.04,0.38888888888888884
179,2013-02-06,28.74,29.05,29.29,28.66,0.2758246527777778
180,2013-02-07,29.11,28.65,29.15,28.27,0.5
181,2013-02-08,28.89,28.545,29.17,28.51,0.03888888888888889
182,2013-02-11,28.61,28.26,28.68,28.04,0.1763888888888889
183,2013-02-12,27.67,27.37,28.16,27.1,0.4666666666666666
184,2013-02-13,27.36,27.9075,28.32,27.31,0.17500000000000002
185,2013-02-14,28.02,28.5,28.63,28.01,-0.054650673400673415
186,2013-02-15,28.52,28.32,28.75,28.09,0.07007575757575757
187,2013-02-19,28.23,28.93,29.08,28.12,0.3053571428571429
188,2013-02-20,28.92,28.462,29.05,28.33,0.3720703125
189,2013-02-21,28.28,27.283,28.55,27.15,0.15
190,2013-02-22,27.62,27.13,27.63,26.82,0.403125
191,2013-02-25,27.16,27.27,27.64,27.15,0.35083333333333333
192,2013-02-26,27.36,27.39,27.46,26.7,0.075
193,2013-02-27,27.34,26.87,27.34,26.63,0.53916015625
194,2013-02-28,26.84,27.25,27.3,26.34,-0.31666666666666665
195,2013-03-01,27.05,27.78,28.1164,26.81,0.10625000000000001
196,2013-03-04,27.76,27.72,28.06,27.44,0.25117845117845117
197,2013-03-05,27.88,27.52,28.18,27.21,-0.16145833333333331
198,2013-03-06,28.1,27.4525,28.13,27.35,0.3304036458333333
199,2013-03-07,27.57,28.578000000000003,28.675,27.47,0.15416666666666665
200,2013-03-08,28.425,27.96,28.47,27.73,0.13156565656565655
201,2013-03-11,28.01,28.14,28.64,27.83,0.5
202,2013-03-12,28.1,27.83,28.32,27.6,-0.04848484848484849
203,2013-03-13,27.62,27.08,27.65,26.92,0.375
204,2013-03-14,27.1,27.04,27.43,26.83,0.36528808493094206
205,2013-03-15,27.03,26.645,27.06,26.56,0.23060606060606062
206,2013-03-18,26.37,26.49,26.79,25.78,0.578125
207,2013-03-19,26.53,26.55,26.9,26.21,0.06388888888888887
208,2013-03-20,26.68,25.86,26.69,25.78,0.2925595238095238
209,2013-03-21,25.66,25.74,26.11,25.56,0.5264880952380953
210,2013-03-22,25.796,25.73,26.01,25.63,0.20606060606060603
211,2013-03-25,25.75,25.131,25.8,25.078000000000003,0.18611111111111112
212,2013-03-26,25.08,25.205,25.48,25.03,0.19722222222222222
213,2013-03-27,25.0,26.09,26.28,24.72,0.5388888888888889
214,2013-03-28,26.09,25.58,26.17,25.52,0.25833333333333336
215,2013-04-01,25.63,25.53,25.89,25.28,-0.10416666666666669
216,2013-04-02,25.77,25.42,26.12,25.3,-0.07142857142857142
217,2013-04-03,25.83,26.25,26.39,25.7,0.09775883838383838
218,2013-04-04,26.62,27.0725,27.2301,26.11,0.125
219,2013-04-05,26.86,27.39,27.8,26.61,0.2652777777777778
220,2013-04-08,27.19,26.849,27.2,26.63,0.26
221,2013-04-09,26.58,26.59,26.89,26.42,0.07500000000000001
222,2013-04-10,27.0099,27.57,27.84,26.9,0.21208333333333332
223,2013-04-11,27.48,28.0175,28.1,27.25,0.2125
224,2013-04-12,28.0,27.4,28.0,27.24,0.03231292517006803
225,2013-04-15,27.16,26.52,27.48,26.36,0.10976190476190477
226,2013-04-16,26.81,26.92,27.11,26.4,-0.007738095238095241
227,2013-04-17,26.65,26.625,27.2,26.39,0.0909090909090909
228,2013-04-18,26.82,25.69,26.82,25.15,0.3181818181818182
229,2013-04-19,25.62,25.73,25.96,25.33,0.35833333333333334
230,2013-04-22,25.81,25.97,26.36,25.7,-0.25416666666666665
231,2013-04-23,26.215,25.98,26.33,25.77,-0.2
232,2013-04-24,25.93,26.11,26.4,25.8,0.12610479797979798
233,2013-04-25,26.07,26.14,26.4,26.0,0.18761160714285713
234,2013-04-26,26.6,26.85,27.62,26.6,0.35790816326530617
235,2013-04-29,27.16,26.98,27.41,26.86,0.23975694444444443
236,2013-04-30,27.13,27.769000000000002,27.85,27.005,0.03499999999999999
237,2013-05-01,27.85,27.43,27.915,27.31,0.12301587301587302
238,2013-05-02,28.0099,28.97,29.02,27.98,0.328125
239,2013-05-03,29.04,28.311,29.07,28.15,0.25
240,2013-05-06,28.33,27.57,28.46,27.48,0.2
241,2013-05-07,27.55,26.889,27.85,26.85,0.20000000000000004
242,2013-05-08,26.88,27.12,27.3,26.65,-0.08333333333333333
243,2013-05-09,27.08,27.04,27.55,26.85,0.35333333333333333
244,2013-05-10,27.14,26.68,27.3,26.57,0.13571428571428573
245,2013-05-13,26.6,26.82,27.325,26.531,0.20858585858585857
246,2013-05-14,26.8854,27.07,27.28,26.82,0.23727272727272725
247,2013-05-15,26.92,26.6,26.99,26.4,0.1
248,2013-05-16,26.48,26.13,26.55,25.9,0.603125
249,2013-05-17,26.4,26.25,26.6,26.2,0.05833333333333333
250,2013-05-20,26.18,25.759,26.19,25.69,-0.22380952380952382
251,2013-05-21,25.87,25.66,26.075,25.59,0.08851010101010102
252,2013-05-22,25.65,25.159000000000002,25.85,24.92,-0.1875
253,2013-05-23,24.8,25.06,25.53,24.77,0.04479166666666666
254,2013-05-24,24.97,24.3125,24.97,24.08,0.27421875
255,2013-05-28,24.54,24.1,24.54,23.92,0.3541666666666667
256,2013-05-29,23.79,23.32,23.81,23.26,0.35
257,2013-05-30,24.13,24.55,24.779,23.93,-0.271031746031746
258,2013-05-31,24.63,24.348000000000003,24.95,24.27,0.2017857142857143
259,2013-06-03,24.265,23.848000000000003,24.32,23.71,-0.02518939393939394
260,2013-06-04,23.89,23.52,23.93,23.32,0.34448051948051944
261,2013-06-05,23.35,22.899,23.705,22.79,0.24166666666666667
262,2013-06-06,22.99,22.97,23.09,22.67,0.4714285714285714
263,2013-06-07,23.03,23.291,23.4,22.86,0.08833333333333333
264,2013-06-10,24.06,24.33,24.6,23.99,-0.15625
265,2013-06-11,24.03,24.03,24.35,24.0,0.27976190476190477
266,2013-06-12,24.16,23.77,24.26,23.58,-0.06803030303030304
267,2013-06-13,23.72,23.73,23.83,23.265,0.023333333333333338
268,2013-06-14,23.56,23.63,23.89,23.26,0.1340909090909091
269,2013-06-17,23.91,24.022,24.25,23.75,0.35189393939393937
270,2013-06-18,24.09,24.21,24.69,24.08,-0.006818181818181834
271,2013-06-19,24.2,24.309,25.19,24.1,0.31666666666666665
272,2013-06-20,24.28,23.9,24.745,23.65,0.609375
273,2013-06-21,24.59,24.53,24.7,24.05,0.20880681818181818
274,2013-06-24,23.95,23.935,24.11,23.38,0.2196496212121212
275,2013-06-25,24.14,24.25,24.43,24.04,0.16439393939393937
276,2013-06-26,24.51,24.16,24.65,23.99,-0.002083333333333326
277,2013-06-27,24.24,24.66,24.84,24.21,0.0
278,2013-06-28,24.68,24.88,24.98,24.42,0.1321969696969697
279,2013-07-01,24.9694,24.81,25.0601,24.62,0.4583333333333333
280,2013-07-02,24.7,24.41,24.77,24.3,-0.018346560846560844
281,2013-07-03,24.22,24.52,24.71,24.15,-0.02999999999999998
282,2013-07-05,24.65,24.37,24.66,24.2,0.05270562770562773
283,2013-07-08,24.47,24.71,25.04,24.42,0.4066666666666666
284,2013-07-09,25.07,25.48,25.49,25.03,0.2590909090909091
285,2013-07-10,25.58,25.8,25.83,25.47,-0.006818181818181834
286,2013-07-11,25.96,25.81,26.0,25.45,0.13115530303030304
287,2013-07-12,25.74,25.91,25.93,25.55,0.34374999999999994
288,2013-07-15,25.93,26.28,26.43,25.65,-0.05366161616161617
289,2013-07-16,26.39,26.32,26.75,26.01,0.2603456439393939
290,2013-07-17,26.37,26.65,26.78,26.3,0.3
291,2013-07-18,26.75,26.18,26.77,26.12,0.09867424242424243
292,2013-07-19,25.82,25.881,26.1077,25.6,0.06320346320346319
293,2013-07-22,25.99,26.045,26.13,25.72,-0.03333333333333331
294,2013-07-23,26.1,26.13,26.3,25.97,0.0755050505050505
295,2013-07-24,26.32,26.51,26.53,26.05,0.4727272727272727
296,2013-07-25,33.545,34.359,34.88,32.75,0.3625
297,2013-07-26,33.77,34.01,34.73,33.56,0.1943181818181818
298,2013-07-29,34.07,35.43,35.63,34.01,-0.03333333333333334
299,2013-07-30,35.65,37.626999999999995,37.96,35.32,0.2142857142857143
300,2013-07-31,37.96,36.8,38.31,36.33,0.060416666666666674
301,2013-08-01,37.3,37.489000000000004,38.29,36.92,0.5333333333333333
302,2013-08-02,37.66,38.05,38.49,37.5,0.027196969696969702
303,2013-08-05,38.43,39.189,39.32,38.25,-0.08333333333333333
304,2013-08-06,39.11,38.55,39.25,37.94,0.325
305,2013-08-07,38.61,38.87,38.94,37.7,0.3253787878787879
306,2013-08-08,39.13,38.54,39.19,38.43,0.25833333333333336
307,2013-08-09,38.59,38.5,38.74,38.01,-0.04635416666666664
308,2013-08-12,38.2,38.22,38.5,38.1,0.28939393939393937
309,2013-08-13,38.24,37.019,38.32,36.77,0.225
310,2013-08-14,36.83,36.65,37.55,36.62,0.21208333333333335
311,2013-08-15,36.36,36.56,37.07,36.0201,0.75
312,2013-08-16,36.97,37.08,37.49,36.9,0.3208333333333333
313,2013-08-19,37.43,37.81,38.28,37.14,0.26015625
314,2013-08-20,38.35,38.41,38.58,37.69,0.5958333333333333
315,2013-08-21,38.38,38.32,38.85,38.145,0.55
316,2013-08-22,38.37,38.55,38.75,38.34,0.1457070707070707
317,2013-08-23,39.0,40.55,40.63,38.93,0.08522727272727272
318,2013-08-26,40.9,41.34,41.94,40.62,-0.16875
319,2013-08-27,40.68,39.64,41.2,39.42,0.13125
320,2013-08-28,39.96,40.548,40.85,39.88,0.4000000000000001
321,2013-08-29,40.89,41.28,41.78,40.8,0.28955026455026456
322,2013-08-30,42.025,41.294,42.26,41.06,0.06871212121212122
323,2013-09-03,41.84,41.87,42.165,41.51,0.2625
324,2013-09-04,42.01,41.78,42.17,41.44,0.24583333333333335
325,2013-09-05,41.79,42.66,42.765,41.77,0.2669642857142857
326,2013-09-06,43.09,43.95,44.61,42.4,0.18712121212121213
327,2013-09-09,44.36,44.04,44.79,43.7,0.0747113997113997
328,2013-09-10,44.24,43.6,44.26,43.23,0.17863906926406925
329,2013-09-11,43.39,45.04,45.09,43.11,0.34058441558441555
330,2013-09-12,45.53,44.75,45.62,44.65,0.2523809523809524
331,2013-09-13,45.04,44.31,45.08,43.93,0.45416666666666666
332,2013-09-16,44.85,42.51,44.94,42.43,0.06536458333333334
333,2013-09-17,42.5,45.07,45.44,42.43,0.18825757575757573
334,2013-09-18,44.84,45.23,45.47,44.395,-0.006818181818181834
335,2013-09-19,45.51,45.98,46.05,45.23,0.215625
336,2013-09-20,46.32,47.49,47.6,45.74,0.4621212121212121
337,2013-09-23,47.28,47.19,47.55,46.29,0.21030303030303027
338,2013-09-24,48.505,48.45,49.66,48.16,0.21250000000000002
339,2013-09-25,49.23,49.46,49.54,48.46,0.31732954545454545
340,2013-09-26,50.01,50.39,50.6,49.5,0.11875
341,2013-09-27,50.29,51.24,51.28,49.86,0.08240740740740742
342,2013-09-30,50.14,50.23,51.6,49.8,0.45308159722222224
343,2013-10-01,49.97,50.42,51.03,49.45,0.2393939393939394
344,2013-10-02,50.13,50.28,51.1,49.95,0.14444444444444446
345,2013-10-03,50.47,49.183,50.72,49.06,0.3216145833333333
346,2013-10-04,49.77,51.04,51.16,49.57,0.21345238095238095
347,2013-10-07,50.73,50.515,51.29,50.4,0.30416666666666664
348,2013-10-08,50.6,47.14,50.6,47.08,0.17361111111111108
349,2013-10-09,47.375,46.77,47.84,45.26,0.3375
350,2013-10-10,47.865,49.05,49.68,47.83,0.18727272727272729
351,2013-10-11,49.18,49.11,49.87,48.79,0.3181818181818181
352,2013-10-14,48.31,49.51,49.63,47.91,0.21200000000000002
353,2013-10-15,49.99,49.5,51.0,49.18,0.09789299242424243
354,2013-10-16,50.04,51.135,51.24,49.9,0.3430555555555556
355,2013-10-17,51.12,52.21,52.22,50.95,0.3104166666666667
356,2013-10-18,54.18,54.22,54.825,53.6,0.3477272727272727
357,2013-10-21,54.68,53.85,54.81,53.51,-0.11354166666666665
358,2013-10-22,54.33,52.675,54.76,52.2,-0.09166666666666667
359,2013-10-23,51.75,51.9,52.25,51.13,0.016666666666666666
360,2013-10-24,52.38,52.445,52.84,51.5928,0.19330808080808082
361,2013-10-25,53.18,51.95,53.24,51.88,-0.23333333333333334
362,2013-10-28,51.54,50.229,51.7,49.61,-0.004545454545454547
363,2013-10-29,50.73,49.395,50.79,49.25,-0.008333333333333331
364,2013-10-30,50.0,49.01,50.21,48.75,0.12929292929292927
365,2013-10-31,47.155,50.205,52.0,46.5,0.3
366,2013-11-01,50.85,49.75,52.09,49.72,0.5
367,2013-11-04,49.365,48.22,49.75,48.02,-0.1341145833333333
368,2013-11-05,47.79,50.105,50.18,47.51,0.4890909090909091
369,2013-11-06,50.26,49.12,50.45,48.71,0.10833333333333334
370,2013-11-07,49.24,47.56,49.87,47.3,-0.12962962962962962
371,2013-11-08,47.81,47.53,48.65,47.25,0.15416666666666667
372,2013-11-11,47.04,46.2,47.53,45.73,-0.00104166666666667
373,2013-11-12,46.0,46.605,47.37,45.83,0.3147253787878788
374,2013-11-13,46.23,48.71,48.74,46.06,0.36932291666666667
375,2013-11-14,48.7,48.99,49.57,48.03,0.09767045454545455
376,2013-11-15,49.11,49.01,49.48,48.71,0.35444444444444445
377,2013-11-18,48.47,45.83,48.84,45.8,0.09943576388888886
378,2013-11-19,46.26,46.36,47.0,45.72,0.3625
379,2013-11-20,46.61,46.43,47.55,46.31,0.35714285714285715
380,2013-11-21,46.99,46.7,47.46,46.685,0.18004261363636365
381,2013-11-22,47.04,46.23,47.27,45.96,0.2833333333333333
382,2013-11-25,46.36,44.82,46.65,44.04,0.004166666666666666
383,2013-11-26,44.66,45.89,46.17,43.55,0.6
384,2013-11-27,45.97,46.49,46.67,45.53,0.19583333333333333
385,2013-11-29,46.75,47.01,47.21,46.5,0.18712121212121213
386,2013-12-02,46.9,47.06,47.54,46.26,0.36161616161616167
387,2013-12-03,46.75,46.73,47.2,46.29,0.35000000000000003
388,2013-12-04,46.46,48.62,48.77,46.26,0.25
389,2013-12-05,48.15,48.34,48.7,47.87,0.19242424242424241
390,2013-12-06,48.98,47.94,49.39,47.71,0.19999999999999998
391,2013-12-09,48.09,48.84,48.97,47.74,0.2543560606060606
392,2013-12-10,48.64,50.245,50.77,48.54,0.10833333333333334
393,2013-12-11,50.55,49.38,50.77,49.01,0.03825757575757574
394,2013-12-12,51.045,51.83,52.07,50.66,0.24375000000000002
395,2013-12-13,51.66,53.32,53.5,51.34,0.3843434343434344
396,2013-12-16,53.25,53.81,54.5,52.91,0.22171459492888063
397,2013-12-17,54.76,54.86,55.18,54.24,0.2143939393939394
398,2013-12-18,54.86,55.57,55.89,53.75,0.16666666666666666
399,2013-12-19,54.33,55.05,55.19,53.95,0.05637626262626263
400,2013-12-20,54.93,55.12,55.15,54.23,0.375
401,2013-12-23,55.5,57.77,58.32,55.45,0.06666666666666667
402,2013-12-24,58.27,57.96,58.58,56.91,0.19895833333333332
403,2013-12-26,58.32,57.73,58.38,57.37,0.0736111111111111
404,2013-12-27,57.48,55.44,57.68,55.25,0.2
405,2013-12-30,54.93,53.71,55.18,53.43,0.15055555555555555
406,2013-12-31,54.12,54.648999999999994,54.86,53.91,0.2552083333333333
407,2014-01-02,54.83,54.71,55.22,54.19,0.1375
408,2014-01-03,55.02,54.556999999999995,55.65,54.53,0.15476190476190477
409,2014-01-06,54.42,57.2,57.26,54.05,0.22323232323232323
410,2014-01-07,57.7,57.92,58.55,57.22,0.11041666666666668
411,2014-01-08,57.6,58.23,58.41,57.23,0.65
412,2014-01-09,58.65,57.22,58.96,56.65,0.02980113636363635
413,2014-01-10,57.13,57.94,58.3,57.06,0.14678030303030304
414,2014-01-13,57.91,55.91,58.25,55.38,0.14444444444444446
415,2014-01-14,56.46,57.74,57.78,56.1,0.1181547619047619
416,2014-01-15,57.98,57.6,58.57,57.27,-0.13333333333333333
417,2014-01-16,57.26,57.19,58.02,56.83,0.012499999999999999
418,2014-01-17,57.3,56.3,57.82,56.07,0.02483333333333333
419,2014-01-21,56.6,58.51,58.58,56.5,0.2833333333333333
420,2014-01-22,58.85,57.51,59.31,57.1,0.575
421,2014-01-23,56.37,56.63,56.68,55.6855,0.14166666666666666
422,2014-01-24,56.15,54.45,56.42,54.4,0.061111111111111095
423,2014-01-27,54.73,53.55,54.9401,51.85,0.2388888888888889
424,2014-01-28,54.02,55.14,55.28,54.0,0.20305555555555554
425,2014-01-29,54.61,53.53,54.95,53.19,0.13333333333333333
426,2014-01-30,62.12,61.08,62.5,60.46,-0.09608134920634921
427,2014-01-31,60.47,62.57,63.37,60.17,0.15198863636363635
428,2014-02-03,63.03,61.48,63.77,60.7,0.18279220779220778
429,2014-02-04,62.05,62.75,63.14,61.82,0.2625
430,2014-02-05,62.74,62.19,63.16,61.27,0.0274891774891775
431,2014-02-06,61.46,62.16,62.78,61.46,0.3147916666666667
432,2014-02-07,62.27,64.32,64.57,62.22,0.1888888888888889
433,2014-02-10,64.3,63.548,64.49,63.473,0.15000000000000002
434,2014-02-11,63.75,64.851,65.0,63.35,0.2833333333333333
435,2014-02-12,64.92,64.45,65.06,64.05,0.21203703703703702
436,2014-02-13,64.18,67.33,67.33,64.05,0.016666666666666646
437,2014-02-14,67.5,67.09,67.58,66.72,0.16848958333333333
438,2014-02-18,66.94,67.3,67.5397,66.07,-0.2916666666666667
439,2014-02-19,67.05,68.06,69.08,67.0,0.71015625
440,2014-02-20,67.73,69.63,70.11,65.727,0.21631944444444445
441,2014-02-21,69.69,68.59,69.96,68.45,0.2635416666666667
442,2014-02-24,68.74,70.78,71.44,68.54,0.325
443,2014-02-25,70.95,69.85,71.0,69.45,0.44607142857142856
444,2014-02-26,70.19,69.26,71.22,68.85,0.9
445,2014-02-27,69.34,68.94,70.01,68.87,0.2780618686868687
446,2014-02-28,69.47,68.46,69.88,67.38,0.2111111111111111
447,2014-03-03,66.96,67.41,68.05,66.51,0.43385416666666665
448,2014-03-04,68.66,68.8,68.9,67.62,0.09732323232323234
449,2014-03-05,69.69,71.57,71.97,69.62,0.3125
450,2014-03-06,71.88,70.84,71.89,70.25,0.2604166666666667
451,2014-03-07,71.08,69.8,71.18,69.47,0.3510416666666667
452,2014-03-10,70.77,72.03,72.15,70.51,0.24166666666666667
453,2014-03-11,72.5,70.1,72.59,69.96,-0.0813811188811189
454,2014-03-12,69.86,70.8799,71.35,69.0,0.4160714285714286
455,2014-03-13,71.29,68.83,71.35,68.15,-0.036886446886446884
456,2014-03-14,68.49,67.72,69.43,67.46,0.175
457,2014-03-17,68.18,68.7399,68.95,66.62,0.14348958333333334
458,2014-03-18,68.76,69.19,69.6,68.3,-0.22948717948717948
459,2014-03-19,69.17,68.24,69.29,67.465,0.23611111111111113
460,2014-03-20,68.01,66.97,68.23,66.82,0.2646464646464647
461,2014-03-21,67.53,67.24,67.92,66.1786,0.3611363636363637
462,2014-03-24,67.19,64.1,67.36,63.36,0.12291666666666667
463,2014-03-25,64.89,64.89,66.19,63.78,0.38580246913580246
464,2014-03-26,64.74,60.385,64.95,60.37,0.29204545454545455
465,2014-03-27,60.51,60.97,61.9,57.98,0.14250000000000002
466,2014-03-28,61.34,60.01,61.95,59.335,-0.0571780303030303
467,2014-03-31,60.78,60.24,61.52,59.87,0.34053030303030307
468,2014-04-01,60.46,62.62,62.66,60.24,-0.8
469,2014-04-02,63.21,62.72,63.91,62.21,0.42638888888888893
470,2014-04-03,62.55,59.49,63.17,59.13,0.388510101010101
471,2014-04-04,59.94,56.748999999999995,60.2,56.32,0.1588068181818182
472,2014-04-07,55.9,56.95,58.0,55.44,0.18409391534391537
473,2014-04-08,57.68,58.1901,58.71,57.17,0.005555555555555536
474,2014-04-09,59.63,62.41,62.4558,59.1882,0.15833333333333333
475,2014-04-10,63.08,59.16,63.18,58.68,0.28789682539682543
476,2014-04-11,57.6,58.53,60.31,57.31,0.24919507575757577
477,2014-04-14,60.09,58.89,60.45,57.78,-0.1931818181818182
478,2014-04-15,59.29,59.09,59.68,55.88,0.0
479,2014-04-16,59.79,59.72,60.19,57.74,-0.2625
480,2014-04-17,59.3,58.94,60.58,58.72,0.325
481,2014-04-21,59.46,61.24,61.24,59.15,0.04598484848484848
482,2014-04-22,62.65,63.0301,63.44,62.22,-0.10227272727272728
483,2014-04-23,63.45,61.36,63.48,61.26,-0.3068181818181818
484,2014-04-24,63.6,60.87,63.65,59.77,0.029166666666666667
485,2014-04-25,59.97,57.71,60.01,57.57,0.08409090909090909
486,2014-04-28,58.05,56.14,58.31,54.66,0.19097222222222224
487,2014-04-29,56.09,58.15,58.28,55.84,0.475
488,2014-04-30,57.58,59.78,59.85,57.16,0.10277777777777779
489,2014-05-01,60.43,61.15,62.28,60.21,0.2148989898989899
490,2014-05-02,61.3,60.46,61.89,60.18,0.19449999999999998
491,2014-05-05,59.67,61.22,61.35,59.18,0.03333333333333334
492,2014-05-06,60.98,58.53,61.15,58.49,0.12958333333333333
493,2014-05-07,58.77,57.39,59.3,56.26,0.23263888888888887
494,2014-05-08,57.23,56.76,58.82,56.5,0.26076388888888885
495,2014-05-09,56.85,57.24,57.65,56.38,0.06694444444444445
496,2014-05-12,57.98,59.83,59.9,57.98,0.0
497,2014-05-13,59.66,59.83,60.89,59.51,0.25
498,2014-05-14,59.53,59.23,60.45,58.95,0.1984848484848485
499,2014-05-15,59.26,57.919,59.38,57.52,0.65
500,2014-05-16,58.31,58.0199,58.45,57.31,0.24395596590909094
501,2014-05-19,57.89,59.21,59.56,57.57,0.35416666666666663
502,2014-05-20,59.5,58.56,60.19,58.18,0.09945023148148151
503,2014-05-21,58.56,60.49,60.5,58.25,0.5681818181818181
504,2014-05-22,60.94,60.52,61.48,60.4,0.0
505,2014-05-23,60.41,61.351000000000006,61.45,60.15,0.20000000000000004
506,2014-05-27,61.62,63.48,63.51,61.57,0.23946428571428569
507,2014-05-28,63.39,63.51,64.14,62.62,0.38571428571428573
508,2014-05-29,63.84,63.83,64.3,63.51,0.4071428571428572
509,2014-05-30,63.95,63.3,64.17,62.56,0.32803030303030306
510,2014-06-02,63.23,63.08,63.59,62.05,0.41201636904761907
511,2014-06-03,62.62,62.87,63.42,62.32,0.23729166666666668
512,2014-06-04,62.45,63.34,63.59,62.07,-0.2
513,2014-06-05,63.66,63.18600000000001,64.36,62.82,0.1640625
514,2014-06-06,63.37,62.5,63.48,62.15,0.29973958333333334
515,2014-06-09,62.4,62.88,63.34,61.79,-0.125
516,2014-06-10,63.53,65.77,65.82,63.5,0.13358585858585859
517,2014-06-11,65.32,65.781,65.8,64.9,-0.035108901515151524
518,2014-06-12,65.85,64.2901,66.47,64.06,0.2613636363636364
519,2014-06-13,64.7,64.5,64.97,63.83,0.325
520,2014-06-16,64.16,64.19,64.88,63.75,0.10691287878787877
521,2014-06-17,64.1,64.4,64.88,63.93,0.4301136363636364
522,2014-06-18,64.49,65.6,65.75,64.05,0.23579545454545453
523,2014-06-19,65.46,64.3415,65.5756,64.21,0.16666666666666666
524,2014-06-20,64.46,64.5,64.81,63.35,-0.08499999999999999
525,2014-06-23,64.32,65.37,65.66,64.22,-0.6
526,2014-06-24,65.36,65.72,67.17,65.27,-0.13240740740740742
527,2014-06-25,65.58,67.44,67.48,65.57,0.0
528,2014-06-26,68.0,67.13,68.0,66.9,-0.07163036616161617
529,2014-06-27,67.31,67.6,67.7,66.84,0.24166666666666667
530,2014-06-30,67.46,67.29,67.92,67.13,-0.1125
531,2014-07-01,67.58,68.06,68.44,67.39,0.023809523809523808
532,2014-07-02,68.04,66.45,68.3,65.79,0.16
533,2014-07-03,66.855,66.29,67.0,65.76,0.4583333333333333
534,2014-07-07,66.3,65.29,66.57,65.12,0.056666666666666664
535,2014-07-08,65.06,62.76,65.56,62.21,0.4190909090909091
536,2014-07-09,63.41,64.97,65.12,63.15,-0.1
537,2014-07-10,63.31,64.8725,65.34,63.05,0.1361111111111111
538,2014-07-11,65.28,66.34,66.59,64.79,0.36108630952380955
539,2014-07-14,67.13,67.9,68.17,66.9,0.20793087121212123
540,2014-07-15,67.96,67.165,68.0899,66.26,0.34444444444444444
541,2014-07-16,67.54,67.66,67.94,67.07,-0.01666666666666668
542,2014-07-17,67.03,66.4099,67.85,66.04,0.056818181818181816
543,2014-07-18,66.8,68.4199,68.46,66.16,0.4239825508811257
544,2014-07-21,68.81,69.4,69.96,68.5,0.15
545,2014-07-22,69.76,69.27,69.77,68.61,-0.175
546,2014-07-23,69.74,71.29,71.33,69.61,0.2666666666666667
547,2014-07-24,75.96,74.98,76.74,74.51,-0.24208333333333334
548,2014-07-25,74.99,75.19,75.67,74.66199999999999,0.2292929292929293
549,2014-07-28,75.17,74.92,75.5,73.85,0.0888888888888889
550,2014-07-29,74.72,73.71,74.92,73.4229,0.13434343434343435
551,2014-07-30,74.21,74.67699999999999,75.19,74.13,0.375
552,2014-07-31,74.0,72.65,74.165,72.44,0.36965058750773033
553,2014-08-01,72.22,72.36,73.22,71.55,0.21064814814814814
554,2014-08-04,72.36,73.51,73.88,72.36,-0.0027777777777778013
555,2014-08-05,73.2,72.69,73.59,72.18,0.20467171717171717
556,2014-08-06,72.02,72.47,73.72,71.79,0.24166666666666667
557,2014-08-07,73.0,73.17,74.0,72.7,0.31166666666666665
558,2014-08-08,73.4,73.06,73.43,72.56,0.20454545454545453
559,2014-08-11,73.46,73.44,73.91,73.06,0.21481481481481485
560,2014-08-12,73.09,72.83,73.3301,72.22,0.017857142857142856
561,2014-08-13,73.12,73.77,74.25,73.05,0.03333333333333335
562,2014-08-14,73.97,74.296,74.38,73.69,0.2125
563,2014-08-15,74.32,73.63,74.65,73.0,0.3444444444444444
564,2014-08-18,74.0,74.59,74.72,73.96,0.16822916666666668
565,2014-08-19,74.81,75.29,75.58,74.77,-0.02777777777777779
566,2014-08-20,74.97,74.81,75.18,74.62,-0.09696969696969698
567,2014-08-21,74.92,74.57,75.19,74.4149,0.1282828282828283
568,2014-08-22,74.34,74.57,74.73,73.57,0.11241319444444445
569,2014-08-25,74.94,75.02,75.28,74.79,0.1625
570,2014-08-26,75.0,75.9601,75.99,74.73,-0.06666666666666665
571,2014-08-27,75.27,74.63,75.49,74.46,0.08309523809523812
572,2014-08-28,74.0,73.855,74.43,73.73,-0.08194444444444444
573,2014-08-29,74.3,74.82,74.82,74.01,0.27756734006734
574,2014-09-02,75.01,76.68,76.7,74.82,0.2767857142857143
575,2014-09-03,77.14,75.83,77.48,75.6,0.042489177489177486
576,2014-09-04,75.89,75.95,76.93,75.53,0.1409863945578231
577,2014-09-05,76.1,77.26,77.38,75.598,0.04040178571428571
578,2014-09-08,77.26,77.89,78.17,77.01,0.19863636363636364
579,2014-09-09,77.59,76.67,78.17,76.2,0.4083333333333333
580,2014-09-10,76.52,77.43,77.95,76.51,0.21763257575757575
581,2014-09-11,77.13,77.92,78.36,77.05,0.5166666666666666
582,2014-09-12,78.02,77.48,78.3,77.1,0.02083333333333333
583,2014-09-15,77.15,74.58,77.25,73.43,0.2734375
584,2014-09-16,73.52,76.08,76.23,73.07,0.2777777777777778
585,2014-09-17,75.96,76.43,77.25,75.57,-0.07500000000000001
586,2014-09-18,76.77,77.0,77.33,76.52,0.16874999999999998
587,2014-09-19,77.4,77.91,78.3,76.44,0.2888888888888889
588,2014-09-22,77.0,76.8,77.53,75.95,0.23333333333333334
589,2014-09-23,76.33,78.29,78.63,76.04,0.11666666666666665
590,2014-09-24,78.1,78.535,78.62,77.51,0.19062500000000002
591,2014-09-25,78.6,77.22,78.94,77.13,0.26845238095238094
592,2014-09-26,77.59,78.79,78.8416,77.33,0.14635416666666667
593,2014-09-29,78.12,79.0,79.199,77.91,0.15000000000000002
594,2014-09-30,79.35,79.04,79.7067,78.6,0.0026041666666666713
595,2014-10-01,78.78,76.55,78.82,75.9,0.14015151515151514
596,2014-10-02,76.57,77.08,77.48,75.64,0.005787037037037049
597,2014-10-03,77.76,77.44,78.06,77.26,0.2583333333333333
598,2014-10-06,77.19,77.555,77.89,76.85,-0.175
599,2014-10-07,77.05,76.29,77.95,76.24,0.24166666666666667
600,2014-10-08,76.18,77.52,77.71,75.1,0.03125
601,2014-10-09,77.28,75.91,77.7601,75.85,0.3416666666666666
602,2014-10-10,75.59,72.91,76.5,72.76,0.24375
603,2014-10-13,73.23,72.99,74.78,72.52,0.19318181818181818
604,2014-10-14,74.0,73.59,74.18,72.05,0.3352272727272727
605,2014-10-15,71.69,73.21,73.8,70.32,0.0
606,2014-10-16,70.79,72.63,73.35,70.58,0.23611111111111108
607,2014-10-17,74.23,75.95,76.0,73.75,0.10416666666666666
608,2014-10-20,75.6,76.95,77.09,75.38,0.2353896103896104
609,2014-10-21,77.56,78.69,78.74,77.15,0.18958333333333333
610,2014-10-22,78.815,78.37,79.85,78.01,0.20555555555555557
611,2014-10-23,79.38,80.04,80.63,79.01,0.2657407407407408
612,2014-10-24,80.2,80.67,80.8183,79.32,0.7
613,2014-10-27,80.74,80.28,80.8,79.76,0.8
614,2014-10-28,80.18,80.77,81.16,79.57,0.06106902356902356
615,2014-10-29,75.45,75.86,76.88,74.78,0.4268229166666667
616,2014-10-30,75.05,74.11,75.35,72.9,0.04166666666666667
617,2014-10-31,74.93,74.99,75.7,74.45,0.1425925925925926
618,2014-11-03,75.47,73.88,75.52,73.7,0.3
619,2014-11-04,74.23,75.76,75.77,73.65,0.3980902777777778
620,2014-11-05,76.51,74.83,76.8,74.42,0.20833333333333334
621,2014-11-06,74.89,75.26,75.6,74.31,0.08522727272727272
622,2014-11-07,75.39,75.6,75.855,75.02,0.06111111111111111
623,2014-11-10,75.36,75.0,75.4799,74.61,0.2458333333333333
624,2014-11-11,74.95,74.61,74.98,74.03,-0.07938988095238095
625,2014-11-12,74.28,74.72,75.14,73.54,0.19053030303030302
626,2014-11-13,74.74,74.25,75.24,73.64,0.34087752525252524
627,2014-11-14,74.27,74.88,74.93,74.04,0.5029040404040405
628,2014-11-17,74.88,74.24,75.655,73.88,0.07166666666666668
629,2014-11-18,74.45,74.34,74.8,73.9,0.006060606060606044
630,2014-11-19,74.01,73.33,74.54,73.11,0.11292162698412699
631,2014-11-20,72.8,73.6,73.99,72.51,0.05833333333333332
632,2014-11-21,74.5,73.75,74.5,73.5,0.2722222222222222
633,2014-11-24,73.54,74.01,74.35,73.35,0.041666666666666664
634,2014-11-25,74.21,75.63,75.74,74.13,0.09895833333333333
635,2014-11-26,75.53,77.62,77.78,75.51,0.34285714285714286
636,2014-11-28,77.67,77.7,78.27,77.23,0.14722222222222223
637,2014-12-01,77.26,75.1,77.31,74.8,0.1416666666666667
638,2014-12-02,75.33,75.46,75.91,75.04,0.05997474747474748
639,2014-12-03,75.38,74.88,75.73,74.4,0.4875
640,2014-12-04,74.83,75.24,75.55,74.66,0.13227272727272726
641,2014-12-05,75.8,76.36,76.76,75.36,0.35624999999999996
642,2014-12-08,76.18,76.52,77.25,75.4,0.6
643,2014-12-09,75.2,76.84,76.93,74.78,0.11666666666666665
644,2014-12-10,76.65,76.18,77.55,76.07,0.2786111111111111
645,2014-12-11,76.52,77.73,78.52,76.48,-0.2333333333333333
646,2014-12-12,77.16,77.83,78.88,77.02,0.22331649831649833
647,2014-12-15,78.46,76.99,78.58,76.56,0.3452380952380952
648,2014-12-16,76.19,74.69,77.39,74.59,0.15
649,2014-12-17,75.01,76.11,76.41,74.9,0.21197390572390573
650,2014-12-18,76.89,78.4,78.4,76.51,0.13055555555555556
651,2014-12-19,78.75,79.88,80.0,78.33,0.3041666666666667
652,2014-12-22,80.08,81.45,81.89,80.0,0.0
653,2014-12-23,82.02,80.61,82.17,80.4,0.08611111111111114
654,2014-12-24,81.03,80.77,81.43,80.75,-0.03333333333333335
655,2014-12-26,81.02,80.775,81.28,80.51,0.825
656,2014-12-29,80.49,80.02,80.96,79.71,0.5041666666666667
657,2014-12-30,79.85,79.22,80.59,79.1,0.1816287878787879
658,2014-12-31,79.54,78.02,79.8,77.86,0.5953703703703703
659,2015-01-02,78.58,78.45,78.93,77.7,0.25
660,2015-01-05,77.98,77.19,79.2455,76.86,0.32805555555555554
661,2015-01-06,77.23,76.15,77.59,75.365,0.1888888888888889
662,2015-01-07,76.76,76.15,77.36,75.82,0.35633333333333334
663,2015-01-08,76.74,78.175,78.23,76.08,0.2617926716141002
664,2015-01-09,78.2,77.74,78.62,77.2,0.4068560606060606
665,2015-01-12,77.84,76.72,78.0,76.21,0.09999999999999999
666,2015-01-13,77.23,76.45,78.08,75.85,0.19776785714285716
667,2015-01-14,76.42,76.28,77.2,76.0291,0.4666666666666667
668,2015-01-15,76.4,74.05,76.57,73.54,0.04999999999999999
669,2015-01-16,74.04,75.18,75.32,73.84,0.3
670,2015-01-20,75.72,76.24,76.31,74.82,0.07916666666666666
671,2015-01-21,76.16,76.74,77.3,75.85,0.30416666666666664
672,2015-01-22,77.17,77.65,77.75,76.68,0.15347222222222223
673,2015-01-23,77.65,77.83,78.19,77.04,0.3022348484848485
674,2015-01-26,77.98,77.495,78.47,77.29,0.0
675,2015-01-27,76.71,75.78,76.88,75.63,0.0
676,2015-01-28,76.9,76.24,77.638,76.0,-0.6
677,2015-01-29,76.85,78.0,78.02,74.21,0.34880952380952385
678,2015-01-30,78.0,75.91,78.16,75.75,-0.06666666666666667
679,2015-02-02,76.11,74.99,76.14,73.75,0.21433621933621935
680,2015-02-03,75.19,75.4,75.58,73.86,0.5
681,2015-02-04,75.09,75.63,76.35,75.01,0.0027777777777777796
682,2015-02-05,75.71,75.615,75.98,75.21,0.03645833333333333
683,2015-02-06,75.68,74.47,75.7,74.25,0.75
684,2015-02-09,74.05,74.44,74.83,73.45,0.08522727272727272
685,2015-02-10,74.85,75.19,75.34,74.5,0.3
686,2015-02-11,75.09,76.51,76.75,75.03,0.30791666666666667
687,2015-02-12,76.86,76.23,76.87,75.89,0.28125
688,2015-02-13,76.46,75.74,76.48,75.5,0.16666666666666666
689,2015-02-17,75.3,75.6,76.91,75.08,0.38076923076923075
690,2015-02-18,75.94,76.71,76.9,75.45,0.0
691,2015-02-19,76.986,79.42,79.84,76.95,0.375
692,2015-02-20,79.55,79.895,80.34,79.2,0.1853452681577682
693,2015-02-23,79.96,78.84,80.19,78.38,0.22847222222222222
694,2015-02-24,78.5,78.45,79.48,78.1,0.25166666666666665
695,2015-02-25,78.5,79.56,80.2,78.5,0.2916666666666667
696,2015-02-26,79.88,80.41,81.37,79.72,0.6645833333333334
697,2015-02-27,80.68,78.97,81.23,78.62,0.4
698,2015-03-02,79.0,79.75,79.855,78.52,0.04999999999999999
699,2015-03-03,79.61,79.6,79.7,78.52,0.23291666666666666
700,2015-03-04,79.3,80.895,81.15,78.85,0.375
701,2015-03-05,81.23,81.21,81.99,81.05,0.15416666666666667
702,2015-03-06,80.9,80.005,81.33,79.83,0.625
703,2015-03-09,79.68,79.44,79.91,78.63,0.08159722222222222
704,2015-03-10,78.5,77.55,79.26,77.55,0.2708333333333333
705,2015-03-11,77.8,77.57,78.43,77.26,0.2732727272727272
706,2015-03-12,78.1,78.93,79.05,77.91,0.12
707,2015-03-13,78.6,78.05,79.38,77.68,0.16979166666666667
708,2015-03-16,77.96,78.07,78.12,77.36,0.32462121212121214
709,2015-03-17,78.36,79.365,79.78,78.34,0.15355339105339105
710,2015-03-18,79.25,80.91,81.24,79.17,-0.19696969696969696
711,2015-03-19,81.12,82.75,83.0,81.0,0.2699074074074074
712,2015-03-20,83.39,83.8,84.6,83.07,0.23291666666666666
713,2015-03-23,83.92,84.43,84.96,83.3,0.22000000000000003
714,2015-03-24,84.71,85.31,86.0699,84.52,0.053333333333333344
715,2015-03-25,85.5,82.92,85.52,82.92,0.22833806818181818
716,2015-03-26,82.72,83.01,83.77,82.14,0.4121212121212121
717,2015-03-27,83.38,83.3,83.95,82.88,0.13
718,2015-03-30,83.81,83.195,84.34,82.41,0.1909280303030303
719,2015-03-31,82.9,82.215,83.5,82.21,0.15284090909090908
720,2015-04-01,82.5,81.665,82.72,80.87,0.36015625
721,2015-04-02,82.25,81.555,82.56,81.44,-0.015972222222222228
722,2015-04-06,80.8,82.44,82.81,80.8,0.37878787878787884
723,2015-04-07,82.65,82.32,83.42,82.22,-0.18333333333333326
724,2015-04-08,82.63,82.275,83.1,81.84,0.22243055555555555
725,2015-04-09,82.5,82.17,82.8,81.71,0.13964646464646463
726,2015-04-10,82.21,82.04,82.61,81.91,-0.022222222222222185
727,2015-04-13,81.93,83.01,83.94,81.92,0.13125
728,2015-04-14,83.17,83.515,83.69,82.44,0.08434343434343433
729,2015-04-15,83.55,82.705,83.66,82.27,0.2284090909090909
730,2015-04-16,82.47,82.31,83.07,82.15,0.14333333333333334
731,2015-04-17,81.48,80.775,82.11,80.37,0.09318181818181817
732,2015-04-20,81.54,83.09,83.15,81.24,0.3818560606060606
733,2015-04-21,84.0,83.62,84.49,83.54,0.3333333333333333
734,2015-04-22,84.32,84.63,84.74,83.65,0.07962962962962962
735,2015-04-23,84.1,82.41,85.59,82.41,0.08484848484848484
736,2015-04-24,82.77,81.53,82.94,81.48,0.109375
737,2015-04-27,81.87,81.91,82.93,81.63,0.4000000000000001
738,2015-04-28,81.83,80.68,81.9,80.23,0.2534090909090909
739,2015-04-29,80.01,80.465,81.39,79.52,0.15200892857142856
740,2015-04-30,80.01,78.77,80.96,78.32,0.09166666666666667
741,2015-05-01,79.24,78.99,79.76,78.11,0.06435185185185187
742,2015-05-04,79.33,78.81,79.69,78.6301,0.4341666666666667
743,2015-05-05,78.55,77.56,78.8,77.22,0.0888888888888889
744,2015-05-06,77.97,78.1,78.81,77.05,0.16605113636363636
745,2015-05-07,78.0,78.425,78.94,77.56,0.27416666666666667
746,2015-05-08,79.1,78.51,79.23,78.03,-0.125
747,2015-05-11,78.48,78.01,79.03,77.93,0.48257575757575755
748,2015-05-12,77.87,77.46,77.89,76.79,-0.10833333333333334
749,2015-05-13,77.72,78.44,78.53,77.65,0.1390625
750,2015-05-14,78.94,81.37,81.845,78.67,-0.013512731481481475
751,2015-05-15,81.41,80.42,81.52,80.18,-0.02840909090909091
752,2015-05-18,80.33,80.88,81.38,80.23,0.13636363636363635
753,2015-05-19,81.25,80.63,81.69,80.55,0.2133333333333333
754,2015-05-20,80.47,80.55,81.1,79.46,-0.027967171717171724
755,2015-05-21,80.19,80.48,80.92,80.08,-0.0062500000000000056
756,2015-05-22,80.35,80.54,81.31,80.25,0.16979166666666667
757,2015-05-26,80.43,79.335,80.6,79.08,0.0
758,2015-05-27,79.6,80.55,80.66,79.43,0.07555555555555554
759,2015-05-28,80.25,80.145,81.0745,80.0,0.0
760,2015-05-29,79.95,79.19,80.07,78.88,0.0
761,2015-06-01,79.3,80.29,80.38,78.66,-0.26249999999999996
762,2015-06-02,79.76,80.445,81.35,79.56,-0.06767676767676768
763,2015-06-03,81.35,82.44,82.53,81.25,0.069011544011544
764,2015-06-04,82.14,82.05,82.95,81.51,0.12272727272727271
765,2015-06-05,81.87,82.14,82.46,81.51,0.36388888888888893
766,2015-06-08,81.82,80.67,82.0,80.13,0.5416666666666666
767,2015-06-09,80.6,80.67,81.19,79.32,0.46875
768,2015-06-10,80.83,82.16,82.6,80.81,0.06875
769,2015-06-11,82.31,81.83,82.9,81.36,0.0691287878787879
770,2015-06-12,81.37,81.53,82.09,81.2,0.18200757575757576
771,2015-06-15,80.55,80.71,80.93,80.07,0.01614583333333333
772,2015-06-16,80.82,81.06,81.51,80.45,0.49772727272727274
773,2015-06-17,81.76,81.79,82.22,81.34,0.15583333333333335
774,2015-06-18,81.64,82.905,83.19,81.57,0.10503472222222222
775,2015-06-19,82.83,82.51,82.98,82.12,0.15998376623376623
776,2015-06-22,83.41,84.74,84.97,83.31,0.4083333333333333
777,2015-06-23,84.96,87.88,87.97,84.76,0.0
778,2015-06-24,87.66,88.86,89.25,87.45,0.16666666666666666
779,2015-06-25,89.26,87.98,89.4,87.835,0.39375
780,2015-06-26,88.12,88.01,88.34,86.8283,0.5083333333333333
781,2015-06-29,86.61,85.8,87.5,85.73,0.25
782,2015-06-30,86.6,85.765,86.7,85.57,0.4
783,2015-07-01,86.77,86.91,87.95,86.49,0.27882575757575756
784,2015-07-02,87.4,87.285,87.44,86.3401,0.40606060606060607
785,2015-07-06,86.49,87.55,88.1846,86.39,0.2715277777777778
786,2015-07-07,87.8,87.22,87.85,85.23100000000001,0.28409090909090906
787,2015-07-08,86.29,85.65,86.75,85.445,0.3611111111111111
788,2015-07-09,86.73,85.88,87.6,85.6499,0.2090909090909091
789,2015-07-10,87.35,87.95,88.22,86.77,0.23474025974025972
790,2015-07-13,88.66,90.1,90.22,88.42,0.3375
791,2015-07-14,90.46,89.68,90.8,89.65,0.15227272727272728
792,2015-07-15,90.0,89.76,90.99,89.42,0.09583333333333333
793,2015-07-16,90.28,90.85,90.86,89.77,0.356060606060606
794,2015-07-17,92.55,94.97,95.39,92.54,-0.07307900432900434
795,2015-07-20,95.85,97.91,98.6,95.36,0.25520833333333337
796,2015-07-21,98.95,98.39,99.24,97.1427,0.21666666666666667
797,2015-07-22,96.74,97.04,97.58,95.92,0.0
798,2015-07-23,96.96,95.44,97.45,94.81,0.23583333333333334
799,2015-07-24,97.35,96.95,97.76,95.88,0.03816666666666668
800,2015-07-27,96.58,94.17,96.61,93.8301,0.33888888888888885
801,2015-07-28,94.84,95.29,95.56,93.31,0.24348484848484847
802,2015-07-29,96.32,96.99,97.28,94.74,0.1381854256854257
803,2015-07-30,94.91,95.21,95.81,91.8,0.195
804,2015-07-31,94.95,94.01,96.33,93.95,0.18564814814814815
805,2015-08-03,93.53,94.14,95.08,92.8,0.2916666666666667
806,2015-08-04,93.79,94.06,94.73,93.33,0.3795454545454545
807,2015-08-05,95.25,96.44,97.09,95.18,0.3651041666666667
808,2015-08-06,97.18,95.12,98.74,94.42,0.22754629629629633
809,2015-08-07,95.38,94.3,95.4,93.61,0.18333333333333332
810,2015-08-10,95.68,94.15,95.9,93.63,-0.059259259259259255
811,2015-08-11,93.73,93.62,94.76,92.9006,0.1714657738095238
812,2015-08-12,92.7,94.19,94.44,91.19,0.08484848484848484
813,2015-08-13,94.05,93.43,94.73,93.35,0.21666666666666667
814,2015-08-14,93.54,94.42,94.72,93.21,0.11947751322751325
815,2015-08-17,94.42,93.93,94.46,93.39,0.07102272727272727
816,2015-08-18,94.08,95.17,95.85,94.04,0.22859848484848483
817,2015-08-19,94.63,95.31,96.1,94.161,0.09833333333333333
818,2015-08-20,93.54,90.56,94.77,90.46,0.09506222943722945
819,2015-08-21,87.52,86.06,89.18,85.61,0.25
820,2015-08-24,77.03,82.09,87.14,72.0,0.10065104166666668
821,2015-08-25,86.95,83.0,87.67,83.0,0.289375
822,2015-08-26,85.95,87.19,87.46,83.26,0.03333333333333333
823,2015-08-27,89.19,89.73,90.06,87.19,0.0
824,2015-08-28,89.94,91.01,91.48,89.792,0.15160493827160498
825,2015-08-31,90.59,89.43,91.05,88.89,0.0
826,2015-09-01,86.99,87.23,89.39,86.5,0.2018939393939394
827,2015-09-02,88.82,89.89,89.89,87.63,0.5
828,2015-09-03,89.76,88.15,89.82,87.73,0.06818181818181818
829,2015-09-04,87.2,88.26,88.39,86.7,0.2615800865800866
830,2015-09-08,89.69,89.53,90.24,88.83,0.3218434343434344
831,2015-09-09,90.78,90.44,91.98,90.17,0.22727272727272727
832,2015-09-10,90.07,91.98,92.06,89.63,0.21632034632034633
833,2015-09-11,91.68,92.05,92.08,91.13,0.25
834,2015-09-14,92.31,92.31,92.62,91.6,0.3333333333333333
835,2015-09-15,92.37,92.9,93.25,91.79,0.125
836,2015-09-16,92.9,93.45,93.6,92.63,0.18888888888888888
837,2015-09-17,93.37,94.34,95.51,92.9,0.21875
838,2015-09-18,93.2,94.4,95.19,93.05,0.14166666666666666
839,2015-09-21,94.62,95.55,96.49,94.52,0.19166666666666665
840,2015-09-22,93.77,92.96,94.68,91.92,0.18333333333333332
841,2015-09-23,93.4,93.97,94.32,92.8,0.1967171717171717
842,2015-09-24,93.06,94.41,94.765,92.24,0.0
843,2015-09-25,95.79,92.77,95.85,92.06,-0.09999999999999998
844,2015-09-28,92.08,89.21,92.29,88.18,0.25625
845,2015-09-29,89.1,86.67,90.06,85.72,0.30104166666666665
846,2015-09-30,88.44,89.73,90.02,88.01,0.5
847,2015-10-01,90.05,90.95,90.95,88.36,0.27902462121212124
848,2015-10-02,88.9,92.07,92.2,88.37,0.3416666666666667
849,2015-10-05,92.94,94.01,94.27,92.66,0.3916666666666666
850,2015-10-06,94.08,92.8,94.17,92.34,0.08413628472222225
851,2015-10-07,93.11,92.4,93.66,91.37,0.39356060606060606
852,2015-10-08,91.89,92.47,93.22,90.47,0.25
853,2015-10-09,92.9,93.24,93.74,92.23899999999999,0.10467171717171715
854,2015-10-12,93.32,94.26,94.6,92.67,0.4611111111111111
855,2015-10-13,93.66,94.12,95.37,93.55,-0.040909090909090895
856,2015-10-14,94.08,94.07,95.2,93.61,0.22367424242424241
857,2015-10-15,94.99,95.96,96.3,94.9,0.24318181818181817
858,2015-10-16,96.18,97.54,97.59,95.35,0.17831439393939394
859,2015-10-19,97.18,98.47,98.57,96.92,0.04583333333333334
860,2015-10-20,98.73,97.0,99.59,96.56,-0.022222222222222216
861,2015-10-21,97.37,97.11,98.18,96.47,0.4166666666666667
862,2015-10-22,97.79,99.67,99.73,97.55,0.16319444444444445
863,2015-10-23,101.91,102.19,102.85,100.16,0.325
864,2015-10-26,102.2,103.77,103.81,101.55,0.06717171717171717
865,2015-10-27,102.94,103.7,104.1,102.4,0.16944444444444445
866,2015-10-28,103.9,104.2,104.48,102.92,-0.15416666666666667
867,2015-10-29,103.96,104.88,105.12,103.52,0.2846117424242424
868,2015-10-30,104.51,101.97,104.72,101.65,0.2375
869,2015-11-02,102.46,103.31,103.47,101.18,0.2598958333333333
870,2015-11-03,103.22,102.58,103.65,102.4,0.17638888888888887
871,2015-11-04,103.19,103.94,104.14,102.48,0.17222222222222225
872,2015-11-05,108.8,108.76,110.65,107.95,0.09629629629629632
873,2015-11-06,108.04,107.095,108.74,105.91,0.37777777777777777
874,2015-11-09,107.0,106.49,108.25,105.86,0.08888888888888889
875,2015-11-10,105.96,107.91,108.15,105.24,0.375
876,2015-11-11,108.27,109.01,109.87,107.11,0.34277935606060606
877,2015-11-12,108.48,108.02,109.39,108.0,0.015993265993265986
878,2015-11-13,107.71,103.95,108.25,103.83,0.191875
879,2015-11-16,103.32,104.04,104.17,100.47,0.3333333333333333
880,2015-11-17,104.62,105.13,106.2,104.14,0.225
881,2015-11-18,105.8,107.77,107.88,105.39,0.04375
882,2015-11-19,107.36,106.26,107.73,105.95,0.253125
883,2015-11-20,106.84,107.32,107.87,106.62,0.18371212121212122
884,2015-11-23,107.19,106.95,107.46799999999999,106.08,0.4055555555555556
885,2015-11-24,106.0,105.74,106.49,104.39,0.10558712121212122
886,2015-11-25,106.33,105.41,106.6,105.1,0.1898148148148148
887,2015-11-27,105.78,105.45,105.96,104.86,0.4375
888,2015-11-30,105.84,104.24,106.0999,103.75,0.0
889,2015-12-01,104.83,107.12,107.15,104.5,-0.16107954545454545
890,2015-12-02,107.0,106.07,107.92,105.79,0.0
891,2015-12-03,106.27,104.38,106.85,103.35,0.2371212121212121
892,2015-12-04,104.81,106.18,107.73,104.11,0.09675925925925925
893,2015-12-07,106.48,105.61,106.83,104.66,0.47874999999999995
894,2015-12-08,104.0,106.49,106.91,103.95,0.0
895,2015-12-09,106.18,104.6,106.44,103.55,-0.13120089786756456
896,2015-12-10,105.05,105.42,106.4,104.41,0.3446969696969697
897,2015-12-11,104.15,102.12,104.34,101.91,0.28409090909090906
898,2015-12-14,102.285,104.66,104.74,101.46,-0.024012345679012337
899,2015-12-15,105.3,104.55,105.8,104.28,0.3340277777777778
900,2015-12-16,105.37,106.79,107.09,104.19,0.43125
901,2015-12-17,107.49,106.22,107.75,106.13,0.21666666666666667
902,2015-12-18,106.08,104.04,106.59,103.97,0.1875
903,2015-12-21,104.91,104.77,105.15,103.6,0.413888888888889
904,2015-12-22,105.22,105.51,105.6601,104.81,0.34545454545454546
905,2015-12-23,105.89,104.63,106.11,103.86,0.14642857142857144
906,2015-12-24,104.74,105.02,105.32,104.5,0.21212121212121213
907,2015-12-28,105.02,105.93,105.98,104.53,0.425
908,2015-12-29,106.42,107.26,107.74,106.25,0.3180555555555556
909,2015-12-30,107.0,106.22,107.25,106.06,0.22291666666666665
910,2015-12-31,106.0,104.66,106.17,104.62,0.16666666666666669
911,2016-01-04,101.95,102.22,102.24,99.75,0.430050505050505
912,2016-01-05,102.89,102.73,103.7099,101.665,0.00048701298701298024
913,2016-01-06,101.13,102.97,103.77,100.9,0.25
914,2016-01-07,100.5,97.92,101.43,97.3,0.39999999999999997
915,2016-01-08,99.88,97.33,100.5,97.0311,0.31207912457912457
916,2016-01-11,97.91,97.51,98.6,95.39,0.0
917,2016-01-12,99.0,99.37,99.96,97.55,0.18196022727272726
918,2016-01-13,100.58,95.44,100.58,95.21,0.34659090909090906
919,2016-01-14,95.85,98.37,98.87,92.45,0.07083333333333333
920,2016-01-15,93.98,94.97,96.38,93.54,0.011111111111111108
921,2016-01-19,96.53,95.26,97.42,93.92,0.09722222222222221
922,2016-01-20,92.83,94.35,95.0,89.37,0.21666666666666667
923,2016-01-21,94.91,94.16,95.99,92.62,0.18
924,2016-01-22,96.41,97.94,98.07,95.49,-0.0625
925,2016-01-25,98.72,97.01,99.48,96.93,0.41704545454545455
926,2016-01-26,97.76,97.34,97.88,95.66,-0.0016666666666666635
927,2016-01-27,97.79,94.45,97.85,94.23,0.06
928,2016-01-28,107.2,109.11,110.34,104.81,0.18541666666666667
929,2016-01-29,108.99,112.21,112.84,108.84,-0.00889756944444445
930,2016-02-01,112.27,115.09,115.72,112.01,0.19999999999999998
931,2016-02-02,114.8,114.61,117.59,113.2,0.19166666666666668
932,2016-02-03,115.27,112.69,115.3407,109.75,0.18590367965367965
933,2016-02-04,111.8,110.49,111.94,109.25,0.4343434343434343
934,2016-02-05,109.51,104.07,109.58,103.18,0.32227272727272727
935,2016-02-08,100.41,99.75,102.68,97.46,0.12797619047619047
936,2016-02-09,97.14,99.54,102.4,96.82,0.08244949494949495
937,2016-02-10,101.55,101.0,103.25,100.24,0.20833333333333334
938,2016-02-11,99.6,101.91,105.11,98.88,0.20833333333333334
939,2016-02-12,103.74,102.01,104.24,101.09,0.386328125
940,2016-02-16,103.8,101.61,103.93,100.24,0.05409090909090908
941,2016-02-17,101.94,105.2,105.72,100.4,0.39297979797979793
942,2016-02-18,105.8,103.47,106.0,103.03,0.15538194444444445
943,2016-02-19,102.55,104.57,105.02,102.06,0.38055555555555554
944,2016-02-22,105.49,107.16,108.25,105.34,0.1247979797979798
945,2016-02-23,106.85,105.46,107.47,105.12,0.23593750000000002
946,2016-02-24,104.21,106.88,106.95,102.74,0.2285714285714285
947,2016-02-25,107.11,108.07,108.07,105.61,-0.05681818181818182
948,2016-02-26,108.7,107.92,109.45,107.16,-0.13888888888888884
949,2016-02-29,107.6,106.92,108.9101,106.75,0.26780303030303027
950,2016-03-01,107.83,109.82,109.82,107.6,0.0
951,2016-03-02,109.68,109.95,110.55,108.77,0.3104497354497355
952,2016-03-03,110.25,109.58,110.3,108.54,0.10416666666666667
953,2016-03-04,110.05,108.39,110.05,107.93,0.3259469696969697
954,2016-03-07,108.07,105.73,108.07,104.72,0.25000000000000006
955,2016-03-08,104.78,105.93,107.37,104.4,0.01605639730639731
956,2016-03-09,106.7,107.51,107.51,105.49,0.1020923520923521
957,2016-03-10,107.91,107.32,108.66,105.7699,0.10656565656565654
958,2016-03-11,108.48,109.41,109.42,107.92,0.3238888888888889
959,2016-03-14,109.28,109.89,110.33,108.77,0.3944805194805195
960,2016-03-15,109.11,110.67,110.83,108.84,0.1111111111111111
961,2016-03-16,110.49,112.18,112.5,110.1,0.13219696969696967
962,2016-03-17,112.15,111.02,112.69,110.73,0.14444444444444446
963,2016-03-18,111.56,111.45,112.42,110.27,-0.08508838383838384
964,2016-03-21,111.66,111.85,112.37,111.03,0.17037037037037037
965,2016-03-22,111.36,112.25,112.88,111.17,0.15248015873015872
966,2016-03-23,112.01,112.54,113.19,112.0,0.02285353535353536
967,2016-03-24,112.13,113.05,113.09,111.68,0.2638888888888889
968,2016-03-28,113.32,113.69,114.5889,112.95,0.30000000000000004
969,2016-03-29,113.83,116.14,116.32,113.64,0.375
970,2016-03-30,116.73,114.7,116.99,114.355,-0.06527777777777778
971,2016-03-31,114.7,114.1,115.01,113.7682,0.18541666666666665
972,2016-04-01,113.75,116.06,116.17,113.35,0.2625
973,2016-04-04,114.07,112.55,114.55,111.61,-0.03105089355089355
974,2016-04-05,112.11,112.22,113.32,111.9,0.23154761904761906
975,2016-04-06,112.47,113.71,113.81,112.42,0.19444444444444442
976,2016-04-07,113.79,113.64,114.89,113.0663,-0.0018518518518518638
977,2016-04-08,114.25,110.63,114.33,109.9,0.05038480038480037
978,2016-04-11,110.7,108.99,110.91,108.77,0.41111111111111115
979,2016-04-12,109.34,110.61,111.1645,108.99,0.19444444444444445
980,2016-04-13,112.23,110.51,112.65,106.52,-0.06292929292929293
981,2016-04-14,110.62,110.84,112.04,110.26,0.5681818181818181
982,2016-04-15,110.79,109.64,110.97,109.2,0.5604166666666667
983,2016-04-18,109.74,110.45,110.81,109.2,0.175
984,2016-04-19,111.1,112.29,112.45,109.16,0.08712121212121211
985,2016-04-20,112.43,112.42,113.27,111.56,0.36015625
986,2016-04-21,112.55,113.44,114.04,112.31,0.29583333333333334
987,2016-04-22,111.21,110.56,111.75,109.01,-0.010569985569985575
988,2016-04-25,109.87,110.1,110.67,109.07,0.24000000000000005
989,2016-04-26,110.49,108.76,110.5,108.15,0.18697916666666664
990,2016-04-27,107.94,108.89,108.94,106.31,0.2159090909090909
991,2016-04-28,119.575,116.73,120.79,116.23,0.20833333333333334
992,2016-04-29,116.82,117.58,117.84,115.84,0.14583333333333334
993,2016-05-02,117.83,118.57,118.73,116.57,0.21944444444444444
994,2016-05-03,117.52,117.43,118.16,117.02,0.1625
995,2016-05-04,116.61,118.06,118.3,116.57,0.53125
996,2016-05-05,118.04,117.81,118.98,117.25,0.11812500000000001
997,2016-05-06,117.16,119.49,119.637,117.1127,0.0296875
998,2016-05-09,119.54,119.24,120.28,118.9,0.2978219696969697
999,2016-05-10,119.62,120.5,120.5,114.8,0.6444444444444445
1000,2016-05-11,120.41,119.52,121.08,119.42,0.08434343434343433
1001,2016-05-12,119.98,120.28,120.84,118.9,0.10631313131313132
1002,2016-05-13,120.38,119.81,120.64,119.68,0.4166666666666667
1003,2016-05-16,119.38,118.67,119.61,117.35,0.2867063492063492
1004,2016-05-17,118.82,117.35,119.01,117.2,-0.02367424242424243
1005,2016-05-18,116.8,117.65,118.27,116.73,0.2579308712121212
1006,2016-05-19,117.05,116.81,117.49,115.88,0.08791666666666668
1007,2016-05-20,116.96,117.35,117.99,116.95,0.18757575757575756
1008,2016-05-23,117.42,115.97,117.6,115.94,0.16887445887445884
1009,2016-05-24,116.24,117.7,117.73,116.12,0.11666666666666665
1010,2016-05-25,118.13,117.89,118.665,117.38,0.020138888888888866
1011,2016-05-26,118.24,119.47,119.7601,117.92,0.19999999999999998
1012,2016-05-27,119.56,119.38,119.85,119.01,-0.0027777777777777957
1013,2016-05-31,119.46,118.81,120.1,118.12100000000001,0.1661111111111111
1014,2016-06-01,118.5,118.78,119.08,117.82,0.08125
1015,2016-06-02,118.69,118.93,135.6,118.22,0.31760161135161136
1016,2016-06-03,118.975,118.47,118.98,117.86,0.07916666666666666
1017,2016-06-06,118.62,118.79,119.43,118.36,0.2982323232323233
1018,2016-06-07,119.24,117.76,119.3,117.67,0.10936147186147185
1019,2016-06-08,117.76,118.39,118.6,117.27,0.30454545454545456
1020,2016-06-09,118.13,118.56,118.68,117.71,0.29545454545454547
1021,2016-06-10,117.54,116.62,118.11,116.26,-0.11590909090909093
1022,2016-06-13,115.0,113.95,115.48,113.31,0.12083333333333335
1023,2016-06-14,114.07,114.94,114.95,113.58,0.3035897435897436
1024,2016-06-15,115.3,114.6,115.44,114.07,0.15606060606060604
1025,2016-06-16,113.87,114.39,114.5,112.94,0.5454545454545454
1026,2016-06-17,114.42,113.02,114.43,112.56,0.036174242424242414
1027,2016-06-20,113.77,113.37,114.72,112.75,0.18773674242424243
1028,2016-06-21,114.12,114.38,115.2142,113.97,0.02916666666666669
1029,2016-06-22,114.65,113.91,114.74,113.61,0.05208333333333332
1030,2016-06-23,114.37,115.08,115.09,113.54,0.11717171717171715
1031,2016-06-24,111.01,112.08,113.68,111.0,0.1767316017316017
1032,2016-06-27,111.57,108.97,111.57,108.23,0.2863095238095238
1033,2016-06-28,110.63,112.7,112.75,110.55,0.03810606060606061
1034,2016-06-29,113.37,114.16,114.25,113.04,-0.21010101010101012
1035,2016-06-30,114.67,114.28,115.18,113.67,0.09374999999999997
1036,2016-07-01,114.2,114.19,115.13,113.81,0.08748175110479799
1037,2016-07-05,113.94,114.0,114.11,112.97,0.5
1038,2016-07-06,113.36,116.7,116.79,112.97,0.28500000000000003
1039,2016-07-07,116.63,115.85,116.97,115.36,0.4583333333333333
1040,2016-07-08,116.43,117.24,117.5,115.85,0.18409090909090908
1041,2016-07-11,117.71,117.87,118.7,117.5,0.16481481481481483
1042,2016-07-12,118.63,117.93,118.72,117.57,0.16452020202020204
1043,2016-07-13,118.39,116.78,118.4,116.68,0.3565656565656566
1044,2016-07-14,117.5,117.29,117.64,116.7,-0.07222222222222222
1045,2016-07-15,117.74,116.86,118.28,116.58,0.39375
1046,2016-07-18,117.32,119.37,119.61,116.89,0.375
1047,2016-07-19,118.99,120.61,120.85,118.66,0.0875
1048,2016-07-20,121.25,121.92,122.2,120.56,-0.2776785714285715
1049,2016-07-21,121.92,120.61,122.1,120.25,0.08645833333333333
1050,2016-07-22,119.9,121.0,121.01,119.31,0.20416666666666666
1051,2016-07-25,121.39,121.63,121.85,117.78,0.0
1052,2016-07-26,122.0,121.22,122.07,120.75,0.45555555555555555
1053,2016-07-27,122.42,123.34,125.0,121.51,0.06527777777777777
1054,2016-07-28,127.52,125.0,128.33,123.63,0.12129629629629629
1055,2016-07-29,124.65,123.94,125.84,123.71,0.378030303030303
1056,2016-08-01,123.85,124.31,124.58,122.86,0.34791666666666665
1057,2016-08-02,124.06,123.09,124.8,122.07,0.1375
1058,2016-08-03,123.09,122.51,123.92,122.31,0.05227272727272726
1059,2016-08-04,122.94,124.36,124.79,122.51,0.28893939393939394
1060,2016-08-05,124.98,125.15,125.835,124.6184,-0.03088023088023089
1061,2016-08-08,125.25,125.26,125.45,124.55,-0.1125
1062,2016-08-09,125.34,125.06,126.09,124.53,0.21022727272727273
1063,2016-08-10,125.07,124.88,125.48,124.54,0.19363636363636366
1064,2016-08-11,125.2,124.9,125.38,124.75,0.25
1065,2016-08-12,124.7,124.88,125.0,124.18,0.1856060606060606
1066,2016-08-15,124.91,123.9,124.92,123.7,0.19999999999999998
1067,2016-08-16,123.5,123.3,123.92,122.78,0.2791666666666667
1068,2016-08-17,123.66,124.37,124.38,122.85,0.26428571428571435
1069,2016-08-18,124.01,123.91,124.26,123.64,0.4547619047619048
1070,2016-08-19,123.6,123.56,124.15700000000001,123.28,0.0
1071,2016-08-22,123.33,124.15,124.83,123.11,0.8
1072,2016-08-23,124.51,124.37,125.09,124.25,0.16344696969696967
1073,2016-08-24,124.47,123.48,124.69,123.09,0.20353535353535354
1074,2016-08-25,123.12,123.89,124.37,123.1,0.07821969696969698
1075,2016-08-26,124.05,124.96,125.19,123.91,0.0
1076,2016-08-29,124.35,126.54,126.73,124.35,0.6
1077,2016-08-30,126.6,125.84,126.6,125.15,0.3854166666666667
1078,2016-08-31,125.6,126.12,126.22,125.1,0.19583333333333333
1079,2016-09-01,126.38,126.17,126.63,125.6,0.2994318181818182
1080,2016-09-02,126.85,126.51,126.86,126.0,0.15
1081,2016-09-06,126.67,129.73,129.94,126.47,0.125
1082,2016-09-07,130.04,131.05,131.98,129.95,0.19999999999999998
1083,2016-09-08,130.92,130.27,131.08,129.81,0.23863636363636362
1084,2016-09-09,129.71,127.1,129.94899999999998,127.1,0.1638888888888889
1085,2016-09-12,125.96,128.69,128.76,125.75,-0.0828282828282828
1086,2016-09-13,128.03,127.21,128.35,126.66,0.16223484848484848
1087,2016-09-14,126.89,127.77,128.8,126.89,0.09659090909090909
1088,2016-09-15,127.98,128.35,129.1,127.67,0.49000000000000005
1089,2016-09-16,128.2,129.07,129.18,128.2,0.21363636363636368
1090,2016-09-19,129.91,128.65,129.94,128.26,0.16481481481481483
1091,2016-09-20,128.65,128.64,129.17,128.0307,0.20752840909090908
1092,2016-09-21,129.13,129.94,130.005,128.39,0.31562500000000004
1093,2016-09-22,130.5,130.08,130.73,129.56,0.16994949494949496
1094,2016-09-23,127.56,127.96,128.6,127.3,0.03125
1095,2016-09-26,127.37,127.31,128.16,126.8,0.12666666666666665
1096,2016-09-27,127.61,128.69,129.01,127.43,0.21875
1097,2016-09-28,129.21,129.23,129.47,128.4,0.23055555555555554
1098,2016-09-29,129.18,128.09,129.29,127.55,0.4166666666666667
1099,2016-09-30,128.03,128.27,128.59,127.45,0.10555555555555556
1100,2016-10-03,128.38,128.77,129.09,127.8,0.25
1101,2016-10-04,129.17,128.19,129.2765,127.5499,0.46949442340067343
1102,2016-10-05,128.25,128.47,128.8,127.83,0.12083333333333333
1103,2016-10-06,128.43,128.74,129.06,128.08,0.10202020202020201
1104,2016-10-07,129.04,128.99,129.25,128.33,0.2333333333333333
1105,2016-10-10,129.68,130.24,130.7,129.2,0.356060606060606
1106,2016-10-11,130.23,128.88,130.64,128.23,0.15555555555555556
1107,2016-10-12,129.01,129.05,129.66,128.46,0.13584827870542154
1108,2016-10-13,128.21,127.82,128.25,126.75,0.3092592592592592
1109,2016-10-14,128.49,127.88,128.95,127.58,0.254491341991342
1110,2016-10-17,128.2,127.54,128.47,127.32,0.2537878787878788
1111,2016-10-18,128.68,128.57,129.39,128.01,0.0
1112,2016-10-19,128.74,130.11,130.47,128.6,0.16988636363636364
1113,2016-10-20,130.07,130.0,130.66,129.5,0.23186553030303028
1114,2016-10-21,129.78,132.07,132.13,129.7,0.22767857142857142
1115,2016-10-24,132.72,133.28,133.405,132.15,0.2689393939393939
1116,2016-10-25,133.5,132.29,133.5,132.22,0.3261363636363636
1117,2016-10-26,131.64,131.04,132.26,130.935,0.13451704545454546
1118,2016-10-27,131.74,129.69,131.8,129.27,0.21805555555555556
1119,2016-10-28,130.5,131.29,132.97,129.93,0.23113636363636364
1120,2016-10-31,132.01,130.99,132.12,130.8835,-0.37727272727272726
1121,2016-11-01,131.41,129.5,131.94,128.65,0.19318181818181818
1122,2016-11-02,130.23,127.17,130.23,126.28,0.3996212121212121
1123,2016-11-03,122.0,120.0,123.28,119.5,0.26666666666666666
1124,2016-11-04,119.59,120.75,121.93,119.25,-0.08412698412698412
1125,2016-11-07,122.83,122.15,123.2089,121.35,0.3397727272727272
1126,2016-11-08,122.03,124.22,124.61,121.54,0.14814814814814814
1127,2016-11-09,121.5,123.18,123.81,120.51,0.43333333333333335
1128,2016-11-10,123.93,120.8,124.18,115.27,0.075
1129,2016-11-11,120.44,119.02,120.7,118.15,0.19791666666666666
1130,2016-11-14,119.1256,115.08,119.1256,113.5535,0.2595238095238095
1131,2016-11-15,116.73,117.2,118.49,115.83,0.20859487734487736
1132,2016-11-16,117.2,116.34,117.88,114.21,0.2905934343434344
1133,2016-11-17,116.84,117.79,117.79,116.01,0.05476190476190475
1134,2016-11-18,118.39,117.02,119.13,116.84,0.15666666666666665
1135,2016-11-21,118.39,121.77,121.95,117.8,-0.041666666666666664
1136,2016-11-22,122.4,121.47,122.98,120.9,0.29458080808080805
1137,2016-11-23,121.23,120.84,121.31,119.94,0.07291666666666667
1138,2016-11-25,121.01,120.38,121.14,120.07,0.22411616161616163
1139,2016-11-28,120.12,120.41,121.69,119.82,0.65625
1140,2016-11-29,120.57,120.87,122.1,120.4,0.15416666666666667
1141,2016-11-30,120.32,118.42,121.79,117.95,0.7559523809523809
1142,2016-12-01,118.38,115.1,118.45,114.0,0.2855218855218855
1143,2016-12-02,115.11,115.4,116.48,114.3,0.20568181818181816
1144,2016-12-05,115.95,117.43,117.57,115.07,0.16666666666666666
1145,2016-12-06,117.69,117.31,117.795,116.33,-0.16444444444444445
1146,2016-12-07,117.0,117.95,117.95,116.57,0.28409090909090906
1147,2016-12-08,117.98,118.91,119.5,117.64,0.24810606060606064
1148,2016-12-09,119.22,119.68,119.94,118.95,0.3505952380952381
1149,2016-12-12,119.22,117.77,119.24,117.65,0.3666666666666667
1150,2016-12-13,117.86,120.31,121.52,117.61,0.1903409090909091
1151,2016-12-14,120.0,120.21,121.69,118.85,0.2901515151515151
1152,2016-12-15,120.08,120.57,122.5,119.63,0.23304924242424246
1153,2016-12-16,120.9,119.87,121.5,119.27,0.28125
1154,2016-12-19,119.85,119.24,120.36,118.51,0.17500000000000002
1155,2016-12-20,119.5,119.09,119.77,118.8,0.16898674242424241
1156,2016-12-21,118.92,119.04,119.2,118.48,0.3666666666666667
1157,2016-12-22,118.86,117.4,118.99,116.93,0.01666666666666666
1158,2016-12-23,117.0,117.27,117.56,116.3,0.42421875
1159,2016-12-27,116.96,118.01,118.68,116.86399999999999,0.10729166666666667
1160,2016-12-28,118.19,116.92,118.25,116.65,0.13522727272727272
1161,2016-12-29,117.0,116.35,117.531,116.06,0.30083333333333334
1162,2016-12-30,116.595,115.05,116.83,114.7739,0.18229166666666669
1163,2017-01-03,116.03,116.86,117.84,115.51,0.15833333333333333
1164,2017-01-04,117.55,118.69,119.66,117.29,0.28020833333333334
1165,2017-01-05,118.86,120.67,120.95,118.3209,0.25602272727272724
1166,2017-01-06,120.98,123.41,123.88,120.03,0.20833333333333331
1167,2017-01-09,123.55,124.9,125.43,123.04,0.37222222222222223
1168,2017-01-10,124.82,124.35,125.5,124.28,0.20138888888888892
1169,2017-01-11,124.35,126.09,126.12,124.06,0.21313131313131314
1170,2017-01-12,125.61,126.62,126.73,124.8,0.00030303030303029945
1171,2017-01-13,127.49,128.34,129.27,127.37,0.09833333333333336
1172,2017-01-17,128.04,127.87,128.34,127.4,0.1382154882154882
1173,2017-01-18,128.41,127.92,128.43,126.84,0.15700757575757576
1174,2017-01-19,128.23,127.55,128.35,127.45,0.30025252525252527
1175,2017-01-20,128.1,127.04,128.48,126.78,0.15363636363636363
1176,2017-01-23,127.31,128.93,129.25,126.95,0.10000000000000002
1177,2017-01-24,129.38,129.37,129.9,128.38,0.1898989898989899
1178,2017-01-25,130.0,131.48,131.74,129.77,0.375
1179,2017-01-26,131.63,132.78,133.14,131.4401,0.13363636363636364
1180,2017-01-27,132.68,132.18,132.95,131.08,0.018518518518518514
1181,2017-01-30,131.58,130.98,131.58,129.6,0.38909090909090904
1182,2017-01-31,130.17,130.32,130.66,129.5157,0.1125
1183,2017-02-01,132.25,133.23,133.49,130.68,0.2516666666666666
1184,2017-02-02,133.22,130.84,135.49,130.4,0.16666666666666669
1185,2017-02-03,131.24,130.98,132.85,130.76,0.17916666666666667
1186,2017-02-06,130.98,132.06,132.06,130.3,0.2989583333333333
1187,2017-02-07,132.24,131.84,133.0,131.661,-0.17969696969696966
1188,2017-02-08,132.6,134.2,134.44,132.44,-0.13066378066378065
1189,2017-02-09,134.49,134.14,134.5,133.31,0.26212121212121214
1190,2017-02-10,134.1,134.19,134.94,133.68,-0.028143939393939398
1191,2017-02-13,134.6975,134.05,134.6975,133.7,0.3242424242424242
1192,2017-02-14,134.1,133.85,134.23,132.55,0.0
1193,2017-02-15,133.45,133.44,133.7,132.66,0.0
1194,2017-02-16,133.07,133.84,133.87,133.02200000000002,0.12348484848484848
1195,2017-02-17,133.5,133.53,134.0912,133.17,0.038091856060606055
1196,2017-02-21,133.5,133.72,133.91,132.9,0.44469696969696965
1197,2017-02-22,133.6,136.12,136.79,133.46,0.036770833333333336
1198,2017-02-23,135.89,135.36,136.12,134.33,0.45416666666666666
1199,2017-02-24,134.16,135.44,135.62,134.16,0.17765151515151517
1200,2017-02-27,135.26,136.41,137.1846,135.02,0.534375
1201,2017-02-28,136.79,135.54,136.805,134.75,0.2391666666666667
1202,2017-03-01,136.47,137.42,137.48,136.3,0.14722222222222223
1203,2017-03-02,137.09,136.76,137.82,136.31,0.22777777777777777
1204,2017-03-03,136.63,137.17,137.33,136.08,0.14136363636363636
1205,2017-03-06,136.88,137.42,137.83,136.51,-0.027777777777777766
1206,2017-03-07,137.03,137.3,138.37,136.99,0.55
1207,2017-03-08,137.15,137.72,137.99,137.0516,-0.45
1208,2017-03-09,137.72,138.24,138.57,137.4,0.3510416666666667
1209,2017-03-10,138.91,138.79,139.49,138.22,0.21428571428571427
1210,2017-03-13,138.71,139.6,139.68,138.6729,0.15208333333333332
1211,2017-03-14,139.46,139.32,139.46,138.52,0.23520833333333338
1212,2017-03-15,139.29,139.72,140.1,138.49,-0.2579545454545455
1213,2017-03-16,140.2,139.99,140.25,139.73,0.08285984848484847
1214,2017-03-17,140.34,139.84,140.34,139.7,0.32083333333333336
1215,2017-03-20,139.71,139.94,140.19,139.25,0.23224431818181818
1216,2017-03-21,141.15,138.51,142.3082,138.4,0.0832167832167832
1217,2017-03-22,137.93,139.59,139.79,137.6,0.2375
1218,2017-03-23,139.48,139.53,140.39,139.09,0.15
1219,2017-03-24,140.08,140.34,141.0244,139.76,0.22872474747474747
1220,2017-03-27,139.05,140.32,140.65,138.77,0.19954545454545453
1221,2017-03-28,140.36,141.76,141.95,140.01,0.19757575757575757
1222,2017-03-29,141.99,142.65,142.86,141.43,0.1306547619047619
1223,2017-03-30,142.4,142.41,142.95,141.85,0.10682591218305504
1224,2017-03-31,142.31,142.05,142.63,141.89,0.025000000000000005
1225,2017-04-03,141.93,142.28,142.47,140.82,0.3522727272727273
1226,2017-04-04,141.86,141.73,142.09,141.27,0.2715909090909091
1227,2017-04-05,142.26,141.85,143.44,141.29,-0.3
1228,2017-04-06,142.11,141.17,142.22,140.91,0.11911300505050505
1229,2017-04-07,141.2,140.78,141.55,140.24,0.007638888888888884
1230,2017-04-10,141.0,141.04,141.43,140.63,0.24556818181818182
1231,2017-04-11,140.8,139.92,141.0299,138.81,-0.07823426573426574
1232,2017-04-12,139.72,139.58,140.4,139.44,0.0898148148148148
1233,2017-04-13,139.62,139.39,140.58,139.33,0.26458333333333334
1234,2017-04-17,139.76,141.42,141.55,139.75,0.30625
1235,2017-04-18,141.27,140.96,141.905,140.61,-0.0382936507936508
1236,2017-04-19,141.35,142.27,143.04,141.27,0.22481060606060607
1237,2017-04-20,142.95,143.8,144.25,142.689,0.17424242424242423
1238,2017-04-21,143.9,143.68,144.17,142.27,0.16211255411255412
1239,2017-04-24,144.96,145.47,145.6738,144.34,0.2159090909090909
1240,2017-04-25,145.79,146.49,147.15,145.7898,0.06666666666666667
1241,2017-04-26,147.09,146.56,147.59,146.09,-0.017083333333333322
1242,2017-04-27,146.67,147.7,147.75,146.14,0.22042297979797978
1243,2017-04-28,149.5,150.25,151.53,149.07,0.21363636363636365
1244,2017-05-01,151.74,152.46,152.57,151.42,-0.011111111111111108
1245,2017-05-02,153.34,152.78,153.44,151.66,-0.03472222222222223
1246,2017-05-03,153.6,151.8,153.6,151.34,0.05000000000000002
1247,2017-05-04,150.17,150.85,151.52,148.72,0.0298611111111111
1248,2017-05-05,151.45,150.24,151.63,149.79,0.12758838383838383
1249,2017-05-08,150.71,151.06,151.08,149.74,0.048295454545454544
1250,2017-05-09,151.49,150.48,152.59,150.21,0.27380952380952384
1251,2017-05-10,150.23,150.29,150.52,148.86,0.29500000000000004
1252,2017-05-11,150.31,150.04,150.65,149.41,0.3184027777777778
1253,2017-05-12,150.4,150.33,150.46,149.63,0.08125
1254,2017-05-15,150.17,150.19,151.48,149.77,0.08452380952380953
1255,2017-05-16,150.11,149.78,150.21,149.03,0.11183712121212121
1256,2017-05-17,148.0,144.85,148.67,144.4216,0.2413239538239538
1257,2017-05-18,144.72,147.66,148.15,144.51,0.04999999999999999
1258,2017-05-19,148.445,148.06,149.39,147.96,0.09416666666666666
1259,2017-05-22,148.08,148.24,148.59,147.69,0.375
1260,2017-05-23,148.52,148.07,148.81,147.25,0.08562409812409812
1261,2017-05-24,148.51,150.04,150.23,148.42,0.24204545454545454
1262,2017-05-25,150.3,151.96,152.59,149.95,-0.1575757575757576
1263,2017-05-26,152.23,152.13,152.25,151.15,0.31925505050505054
1264,2017-05-30,151.97,152.38,152.9,151.64,-0.1281818181818182
1265,2017-05-31,152.7,151.46,153.35,151.09,0.0037207792207792174
1266,2017-06-01,151.75,151.53,152.29,150.3,0.42681818181818176
1267,2017-06-02,151.85,153.61,153.63,151.3,0.1789393939393939
1268,2017-06-05,153.64,153.63,154.7088,153.41,-0.04300505050505051
1269,2017-06-06,153.41,152.81,154.52,152.48,0.38880952380952377
1270,2017-06-07,153.27,153.12,153.75,152.34,0.10255681818181817
1271,2017-06-08,154.08,154.71,154.73,153.1,0.1480429292929293
1272,2017-06-09,154.77,149.63,155.59,146.61,0.3566666666666667
1273,2017-06-12,148.17,148.44,149.195,144.56,0.13011363636363638
1274,2017-06-13,150.15,150.68,151.18,148.9,0.28409090909090906
1275,2017-06-14,151.26,150.25,152.4,149.05,0.05486111111111111
1276,2017-06-15,147.67,149.8,150.0366,146.3747,0.19267045454545456
1277,2017-06-16,149.59,150.64,150.83,148.6,0.13274410774410775
1278,2017-06-19,151.71,152.87,153.57,151.71,0.475
1279,2017-06-20,152.88,152.25,153.84,152.21,-0.015530303030303038
1280,2017-06-21,152.36,153.91,154.08,151.88,0.28484848484848485
1281,2017-06-22,153.01,153.4,154.55,152.91,0.2900923295454545
1282,2017-06-23,152.72,155.07,155.2,152.65,0.16763257575757576
1283,2017-06-26,156.25,153.59,156.5,153.1954,0.1855271464646465
1284,2017-06-27,152.84,150.58,153.31,150.39,0.19264069264069267
1285,2017-06-28,150.92,153.24,153.47,149.86,0.23555194805194807
1286,2017-06-29,152.28,151.04,152.5,148.9175,0.3194444444444445
1287,2017-06-30,151.9,150.98,151.92,150.06,0.19444444444444442
1288,2017-07-03,151.72,148.43,152.15,147.8,0.05
1289,2017-07-05,149.0,150.34,150.85,148.13,0.16145833333333331
1290,2017-07-06,149.03,148.82,150.04,148.0,0.2683712121212121
1291,2017-07-07,149.25,151.44,151.99,149.19,-0.3333333333333333
1292,2017-07-10,151.69,153.5,153.98,151.51,0.2874368686868687
1293,2017-07-11,153.37,155.27,155.4225,152.91,0.09722222222222222
1294,2017-07-12,156.49,158.9,159.16,156.2,0.20297619047619048
1295,2017-07-13,158.74,159.26,159.78,158.4227,0.11972222222222222
1296,2017-07-14,160.13,159.97,160.32,159.3254,0.28428030303030305
1297,2017-07-17,160.25,159.73,160.78,158.81,0.05833333333333333
1298,2017-07-18,159.66,162.86,163.73,159.42,-0.11785714285714285
1299,2017-07-19,163.59,164.14,165.7,163.17,-0.002706916099773251
1300,2017-07-20,164.8,164.53,165.0,162.81,0.2931060606060606
1301,2017-07-21,164.16,164.43,165.05,163.75,0.2015151515151515
1302,2017-07-24,164.64,166.0,166.17,164.31,-0.02651515151515151
1303,2017-07-25,165.01,165.28,165.54,163.8619,0.14242424242424243
1304,2017-07-26,166.01,165.61,166.01,164.1,0.23552489177489178
1305,2017-07-27,174.7,170.44,175.49,167.5,0.3125
1306,2017-07-28,169.07,172.45,173.43,169.05,0.5
1307,2017-07-31,172.0,169.25,172.72,168.55,0.23750000000000002
1308,2017-08-01,169.82,169.86,170.47,169.05,-0.012499999999999997
1309,2017-08-02,170.3,169.25,170.55,166.91,0.0
1310,2017-08-03,169.3,168.59,169.7,168.25,0.40959595959595957
1311,2017-08-04,168.97,169.62,170.06,168.69,0.13636363636363635
1312,2017-08-07,169.95,171.98,172.06,169.66,0.4125
1313,2017-08-08,171.88,171.23,173.05,170.62,-0.012499999999999992
1314,2017-08-09,169.98,171.18,171.45,169.56,0.5454545454545454
1315,2017-08-10,170.06,167.4,170.59,166.85,0.17359577922077923
1316,2017-08-11,167.95,168.08,168.82,166.85,0.11640151515151516
1317,2017-08-14,170.09,170.75,171.08,169.29,-0.2659090909090909
1318,2017-08-15,171.49,171.0,171.5,170.01,0.36607142857142855
1319,2017-08-16,171.25,170.0,171.38,169.24,0.3861363636363636
1320,2017-08-17,169.34,166.91,169.86,166.85,0.08266450216450216
1321,2017-08-18,166.84,167.41,168.67,166.21,0.047664141414141416
1322,2017-08-21,167.16,167.78,168.0,165.82,0.10625000000000001
1323,2017-08-22,168.28,169.64,169.87,167.15,0.24452110389610388
1324,2017-08-23,168.84,168.71,169.36,168.2,0.0
1325,2017-08-24,168.88,167.74,169.29,166.41,0.3262121212121212
1326,2017-08-25,167.86,166.32,168.38,166.18,0.08039772727272727
1327,2017-08-28,166.91,167.24,167.7,166.33,0.1789772727272727
1328,2017-08-29,165.25,168.05,168.425,165.0,0.14261363636363636
1329,2017-08-30,168.17,169.92,170.18,167.63,0.15789141414141414
1330,2017-08-31,170.4,172.0,172.145,170.06,0.5666666666666667
1331,2017-09-01,172.4,172.02,172.915,171.31,0.017142857142857147
1332,2017-09-05,171.27,170.72,172.3875,169.55,-0.09621212121212121
1333,2017-09-06,170.91,172.09,172.48,169.57,-0.09958333333333333
1334,2017-09-07,171.94,173.21,173.3067,170.27,0.45357142857142857
1335,2017-09-08,173.09,170.95,173.49,170.8,-0.008680555555555552
1336,2017-09-11,172.4,173.51,173.89,172.2,0.15000000000000002
1337,2017-09-12,173.76,172.96,174.0,171.75,0.1508404356060606
1338,2017-09-13,173.01,173.05,173.17,172.06,0.2537142857142857
1339,2017-09-14,172.26,170.96,172.28,170.5,0.17992424242424243
1340,2017-09-15,170.88,171.58,172.34,170.26,0.1364346590909091
1341,2017-09-18,171.99,170.01,172.07,169.34,0.19477272727272726
1342,2017-09-19,170.62,172.52,172.56,170.36,0.08295454545454545
1343,2017-09-20,172.5,172.17,173.05,170.7,0.21666666666666667
1344,2017-09-21,171.69,171.11,172.27,170.01,-0.04322916666666668
1345,2017-09-22,170.21,170.54,171.73,169.22,-0.028693181818181833
1346,2017-09-25,169.24,162.87,169.3,161.56,-0.2878787878787879
1347,2017-09-26,164.5,164.21,165.5,162.78,0.16592592592592595
1348,2017-09-27,165.9,167.68,168.34,165.57,0.1555871212121212
1349,2017-09-28,167.94,168.73,169.0696,167.16,0.15858585858585858
1350,2017-09-29,168.83,170.81,171.66,168.81,0.0
1351,2017-10-02,171.39,169.47,171.87,168.75,0.4590909090909091
1352,2017-10-03,169.3,169.96,170.73,169.2,0.265625
1353,2017-10-04,169.83,168.42,170.67,168.29,0.06379870129870131
1354,2017-10-05,169.18,171.24,171.31,168.6,-0.0004261363636363716
1355,2017-10-06,170.25,172.23,172.37,169.75,0.2746753246753247
1356,2017-10-09,172.7,172.5,174.88,172.0,0.09583333333333333
1357,2017-10-10,173.0,171.59,173.2,170.8,0.14228670634920634
1358,2017-10-11,171.95,172.74,172.78,171.4,0.06174242424242423
1359,2017-10-12,172.61,172.55,173.85,172.29,0.02007575757575758
1360,2017-10-13,173.45,173.74,174.65,173.2,0.151010101010101
1361,2017-10-16,174.49,174.52,175.0,174.06,0.42666666666666664
1362,2017-10-17,174.71,176.11,176.13,174.36,-0.14659090909090908
1363,2017-10-18,176.65,176.03,176.74,175.75,0.03535714285714286
1364,2017-10-19,174.93,174.56,176.03,172.63,-0.2
1365,2017-10-20,175.5,174.98,175.88,174.63,0.23617424242424243
1366,2017-10-23,175.2,171.27,175.34,171.25,0.2603030303030303
1367,2017-10-24,172.3,171.8,173.24,171.5,-0.36590909090909096
1368,2017-10-25,171.9,170.6,172.25,168.89,0.21313131313131314
1369,2017-10-26,171.38,170.63,172.285,170.39,0.202034632034632
1370,2017-10-27,174.15,177.88,178.21,173.9,0.32704545454545453
1371,2017-10-30,179.26,179.87,180.69,177.61,0.0318939393939394
1372,2017-10-31,180.57,180.06,180.8,178.94,0.22833333333333333
1373,2017-11-01,182.36,182.66,182.9,180.57,0.0706912878787879
1374,2017-11-02,180.63,178.92,181.94,177.34,0.317063492063492
1375,2017-11-03,179.29,178.92,179.86,176.71,0.06416666666666666
1376,2017-11-06,178.56,180.17,180.45,178.31,0.1721732632446918
1377,2017-11-07,180.5,180.25,180.7478,178.96,0.06374007936507936
1378,2017-11-09,178.31,179.3,179.4,177.09,0.15227272727272728
1379,2017-11-10,178.35,178.46,179.0999,177.96,0.1395555555555556
1380,2017-11-13,177.5,178.77,179.04,177.3,0.2676767676767677
1381,2017-11-14,178.13,178.07,178.97,177.18,0.3516666666666667
1382,2017-11-15,176.66,177.95,178.57,176.4,0.3882575757575757
1383,2017-11-16,178.76,179.59,179.83,178.5,0.3833333333333333
1384,2017-11-17,179.3,179.0,179.98,178.9,0.2571969696969697
1385,2017-11-20,178.87,178.74,179.5,178.1,0.259280303030303
1386,2017-11-21,179.15,181.86,181.89,178.99,0.14833333333333334
1387,2017-11-22,181.3,180.87,181.73,180.44,0.5166666666666667
1388,2017-11-24,180.4,182.78,183.15,180.29,-0.07058080808080808
1389,2017-11-27,182.56,183.03,183.73,181.99,0.21259469696969696
1390,2017-11-28,183.51,182.42,184.25,182.09,0.10729166666666667
1391,2017-11-29,181.89,175.13,181.97,174.0,0.090625
1392,2017-11-30,176.85,177.18,178.275,175.2,0.10329335016835017
1393,2017-12-01,176.03,175.1,177.48,172.34,0.22946386946386946
1394,2017-12-04,176.29,171.47,176.57,170.79,0.1801010101010101
1395,2017-12-05,170.45,172.83,175.38,169.01,0.5625
1396,2017-12-06,172.5,176.06,176.77,171.9,0.12083333333333332
1397,2017-12-07,175.8,180.14,180.39,175.8,-0.010416666666666664
1398,2017-12-08,181.53,179.0,182.28,178.7401,0.2398809523809524
1399,2017-12-11,179.3,179.04,180.22,178.8,0.05568181818181819
1400,2017-12-12,178.6,176.96,179.18,176.6,0.2526666666666667
1401,2017-12-13,177.3,178.3,179.16,177.25,0.40499999999999997
1402,2017-12-14,178.29,178.39,180.3601,177.68,0.25278991841491844
1403,2017-12-15,179.02,180.18,180.4934,178.36,0.12587068602693602
1404,2017-12-18,181.01,180.82,181.3,179.75,0.13434343434343435
1405,2017-12-19,179.95,179.51,180.08,178.22,0.5
1406,2017-12-20,179.81,177.89,179.81,177.36,0.28604497354497355
1407,2017-12-21,177.94,177.45,178.68,177.05,0.14867424242424243
1408,2017-12-22,177.14,177.2,177.53,176.23,0.2575601250601251
1409,2017-12-26,176.63,175.99,177.0,174.67,0.17205988455988458
1410,2017-12-27,176.55,177.62,178.44,176.26,0.2758034211159211
1411,2017-12-28,177.95,177.92,178.9367,177.68,0.22472814883529166
1412,2017-12-29,178.0,176.46,178.85,176.46,0.10517225829725829
1413,2018-01-02,177.68,181.42,181.58,177.55,0.333125
1414,2018-01-03,181.88,184.67,184.78,181.33,0.09465960626674912
1415,2018-01-04,184.9,184.33,186.21,184.0996,0.09602272727272727
1416,2018-01-05,185.59,186.85,186.9,184.93,0.2161999458874459
1417,2018-01-08,187.2,188.28,188.9,186.33,0.19710137085137086
1418,2018-01-09,188.7,187.87,188.8,187.1,0.12638888888888888
1419,2018-01-10,186.94,187.84,187.89,185.63,0.14583333333333334
1420,2018-01-11,188.4,187.77,188.4,187.38,0.0625
1421,2018-01-12,178.06,179.37,181.48,177.4,0.3568217893217893
1422,2018-01-16,181.5,178.39,181.75,178.04,0.2153777356902357
1423,2018-01-17,179.26,177.6,179.32,175.8,0.26884920634920634
1424,2018-01-18,178.13,179.8,180.98,177.08,0.1641895141895142
1425,2018-01-19,180.85,181.29,182.37,180.1702,-0.010119047619047583
1426,2018-01-22,180.8,185.37,185.39,180.41,-0.023721590909090914
1427,2018-01-23,186.05,189.35,189.55,185.55,0.13125
1428,2018-01-24,189.89,186.55,190.66,186.52,-0.03775510204081633
1429,2018-01-25,187.95,187.48,188.62,186.6,0.1801557239057239
1430,2018-01-26,187.75,190.0,190.0,186.81,0.0535185185185185
1431,2018-01-29,188.75,185.98,188.84,185.6301,0.09032287157287157
1432,2018-01-30,183.01,187.12,188.18,181.84,0.12662037037037036
1433,2018-01-31,188.37,186.89,189.83,185.22,0.18288690476190475
1434,2018-02-01,188.22,193.09,195.32,187.89,0.11416546416546416
1435,2018-02-02,192.04,190.28,194.21,189.98,0.2064651618223047
1436,2018-02-05,186.93,182.65,190.61,180.61,0.16878006253006253
1437,2018-02-06,178.57,185.31,185.77,177.74,0.13
1438,2018-02-07,184.15,180.18,185.0817,179.95,-0.00018939393939391516
1439,2018-02-08,181.01,171.5499,181.84,171.4815,0.41409090909090907
1440,2018-02-09,174.76,175.98,176.9,167.18,0.0912037037037037
1441,2018-02-12,177.06,176.41,177.545,171.84,0.08506364667078954
1442,2018-02-13,175.62,173.15,175.97,173.1,0.16269861311527978
1443,2018-02-14,173.45,179.52,179.81,173.2119,0.2793939393939394
1444,2018-02-15,180.5,179.96,180.5,176.84,0.240625
1445,2018-02-16,178.99,177.36,179.88,176.3,0.11945833333333333
1446,2018-02-20,175.77,176.01,177.95,175.11,0.2690073352573352
1447,2018-02-21,176.71,177.91,181.27,176.4,0.23766865079365082
1448,2018-02-22,178.7,178.99,180.21,177.41,0.057323232323232304
1449,2018-02-23,179.9,183.29,183.39,179.51,0.21508161976911977
1450,2018-02-26,184.58,184.93,185.66,183.2228,0.2516504329004329
1451,2018-02-27,184.45,181.46,184.7,181.46,0.14426767676767677
1452,2018-02-28,182.3,178.32,182.88,178.14,0.2330146705146705
1453,2018-03-01,179.01,175.94,180.12,174.41,0.1448153409090909
1454,2018-03-02,173.29,176.62,177.11,172.99,0.399827355184498
1455,2018-03-05,176.2,180.4,181.1475,175.89,0.5833333333333334
1456,2018-03-06,181.78,179.78,182.38,179.11,0.20045866831581116
1457,2018-03-07,178.74,183.71,183.82,178.07,0.1881060606060606
1458,2018-03-08,183.56,182.34,184.4,181.45,0.36952110389610393
1459,2018-03-09,183.91,185.23,185.51,183.21,0.22278009688723976
1460,2018-03-12,185.23,184.76,186.1,184.22,0.2016154401154401
1461,2018-03-13,185.61,181.88,185.99,181.11,0.11896194083694084
1462,2018-03-14,182.6,184.19,184.25,181.85,0.26330266955266957
1463,2018-03-15,183.24,183.86,184.0,182.19,-0.18222222222222223
1464,2018-03-16,184.49,185.09,185.33,183.41,0.3239568302068302
1465,2018-03-19,177.01,172.56,177.17,170.06,0.24444444444444446
1466,2018-03-20,167.47,168.15,170.2,161.95,0.05054012345679013
1467,2018-03-21,164.8,169.39,173.4,163.3,0.08958333333333332
1468,2018-03-22,166.13,164.89,170.27,163.72,0.03457491582491582
1469,2018-03-23,165.44,159.39,167.1,159.02,-0.043121693121693117
1470,2018-03-26,160.82,160.06,161.1,149.02,0.3229166666666667
1471,2018-03-27,156.31,152.19,162.85,150.75,0.375
